[gd_scene load_steps=40 format=3 uid="uid://dit45cnjx68ie"]

[ext_resource type="PackedScene" uid="uid://dfi3off64iusc" path="res://assets/player_character/valerie_anim02/PC RIG.fbx" id="1_l433w"]
[ext_resource type="Script" uid="uid://c66nvjg5ps52s" path="res://scenes/valerie.gd" id="2_7i0dl"]
[ext_resource type="Animation" uid="uid://ctmr4ax23gnf" path="res://assets/player_character/valerie_anim02/02GLIDE.res" id="2_riskd"]
[ext_resource type="Animation" uid="uid://dpug8gpjmrdbe" path="res://assets/player_character/valerie_anim02/04TURNRIGHT.res" id="3_7i0dl"]
[ext_resource type="Animation" uid="uid://qdkc50uakcwg" path="res://assets/player_character/valerie_anim02/06TURNLEFT.res" id="4_fcl0u"]
[ext_resource type="Animation" uid="uid://66c2gaorh0gj" path="res://assets/player_character/valerie_anim02/IDLE.res" id="5_ropus"]
[ext_resource type="Animation" uid="uid://ceyopkidb7iui" path="res://assets/player_character/valerie_anim02/SKATECYCLE.res" id="6_682pp"]

[sub_resource type="AnimationLibrary" id="AnimationLibrary_xr7e8"]
_data = {
&"02GLIDE": ExtResource("2_riskd"),
&"04TURNRIGHT": ExtResource("3_7i0dl"),
&"06TURNLEFT": ExtResource("4_fcl0u"),
&"IDLE": ExtResource("5_ropus"),
&"SKATECYCLE": ExtResource("6_682pp")
}

[sub_resource type="AnimationNodeBlend2" id="AnimationNodeBlend2_7i0dl"]

[sub_resource type="AnimationNodeAnimation" id="AnimationNodeAnimation_ropus"]
animation = &"valerie_anim02/SKATECYCLE"

[sub_resource type="AnimationNodeAnimation" id="AnimationNodeAnimation_b0yvp"]
animation = &"valerie_anim02/06TURNLEFT"

[sub_resource type="AnimationNodeBlendTree" id="AnimationNodeBlendTree_bfm4i"]
graph_offset = Vector2(-358.434, -80.6052)
nodes/Blend2/node = SubResource("AnimationNodeBlend2_7i0dl")
nodes/Blend2/position = Vector2(480, 120)
nodes/output/position = Vector2(760, 160)
nodes/skate_cycle/node = SubResource("AnimationNodeAnimation_ropus")
nodes/skate_cycle/position = Vector2(100, 40)
nodes/turn_left/node = SubResource("AnimationNodeAnimation_b0yvp")
nodes/turn_left/position = Vector2(100, 380)
node_connections = [&"Blend2", 0, &"skate_cycle", &"Blend2", 1, &"turn_left", &"output", 0, &"Blend2"]

[sub_resource type="AnimationNodeBlend2" id="AnimationNodeBlend2_riskd"]

[sub_resource type="AnimationNodeAnimation" id="AnimationNodeAnimation_v0c5h"]
animation = &"valerie_anim02/04TURNRIGHT"

[sub_resource type="AnimationNodeAnimation" id="AnimationNodeAnimation_fa7ah"]
animation = &"valerie_anim02/SKATECYCLE"

[sub_resource type="AnimationNodeBlendTree" id="AnimationNodeBlendTree_b0yvp"]
graph_offset = Vector2(-223, 21)
nodes/Blend2/node = SubResource("AnimationNodeBlend2_riskd")
nodes/Blend2/position = Vector2(420, 160)
nodes/TurnRight/node = SubResource("AnimationNodeAnimation_v0c5h")
nodes/TurnRight/position = Vector2(20, 280)
nodes/output/position = Vector2(720, 220)
nodes/skate_cycle/node = SubResource("AnimationNodeAnimation_fa7ah")
nodes/skate_cycle/position = Vector2(40, 80)
node_connections = [&"Blend2", 0, &"skate_cycle", &"Blend2", 1, &"TurnRight", &"output", 0, &"Blend2"]

[sub_resource type="AnimationNodeAnimation" id="AnimationNodeAnimation_682pp"]
animation = &"valerie_anim02/SKATECYCLE"

[sub_resource type="AnimationNodeBlend3" id="AnimationNodeBlend3_riskd"]

[sub_resource type="AnimationNodeAnimation" id="AnimationNodeAnimation_bfm4i"]
animation = &"valerie_anim02/06TURNLEFT"

[sub_resource type="AnimationNodeAnimation" id="AnimationNodeAnimation_0pvkb"]
animation = &"valerie_anim02/04TURNRIGHT"

[sub_resource type="AnimationNodeBlendTree" id="AnimationNodeBlendTree_tiysj"]
graph_offset = Vector2(-432.8, -47.0775)
nodes/output/position = Vector2(620, 220)
nodes/skate_cycle/node = SubResource("AnimationNodeAnimation_682pp")
nodes/skate_cycle/position = Vector2(-400, 240)
nodes/skate_direction_anim_blend/node = SubResource("AnimationNodeBlend3_riskd")
nodes/skate_direction_anim_blend/position = Vector2(220, 160)
nodes/turn_left/node = SubResource("AnimationNodeAnimation_bfm4i")
nodes/turn_left/position = Vector2(-400, 420)
nodes/turn_right/node = SubResource("AnimationNodeAnimation_0pvkb")
nodes/turn_right/position = Vector2(-420, 60)
node_connections = [&"output", 0, &"skate_direction_anim_blend", &"skate_direction_anim_blend", 0, &"turn_right", &"skate_direction_anim_blend", 1, &"skate_cycle", &"skate_direction_anim_blend", 2, &"turn_left"]

[sub_resource type="AnimationNodeAnimation" id="AnimationNodeAnimation_xr7e8"]
animation = &"valerie_anim02/IDLE"

[sub_resource type="AnimationNodeAnimation" id="AnimationNodeAnimation_7i0dl"]
animation = &"valerie_anim02/IDLE"

[sub_resource type="AnimationNodeAnimation" id="AnimationNodeAnimation_fcl0u"]
animation = &"valerie_anim02/SKATECYCLE"

[sub_resource type="AnimationNodeStateMachineTransition" id="AnimationNodeStateMachineTransition_7i0dl"]
advance_mode = 2

[sub_resource type="Curve" id="Curve_riskd"]
_data = [Vector2(0, 0), 0.0, 0.0, 0, 0, Vector2(0.344371, 0.0428938), 0.124557, 0.613035, 1, 0, Vector2(1, 1), 0.0, 0.0, 0, 0]
point_count = 3

[sub_resource type="AnimationNodeStateMachineTransition" id="AnimationNodeStateMachineTransition_0pvkb"]
xfade_time = 0.5
xfade_curve = SubResource("Curve_riskd")
advance_mode = 2
advance_expression = "parent_model.current_state.is_gliding"

[sub_resource type="AnimationNodeStateMachineTransition" id="AnimationNodeStateMachineTransition_tiysj"]
xfade_time = 0.1
advance_mode = 2
advance_expression = "!parent_model.current_state.is_gliding"

[sub_resource type="AnimationNodeStateMachineTransition" id="AnimationNodeStateMachineTransition_v4gb1"]
xfade_time = 0.2
switch_mode = 1
advance_mode = 2
advance_expression = "parent_model.current_state.turning_direction == \"straight\""

[sub_resource type="AnimationNodeStateMachineTransition" id="AnimationNodeStateMachineTransition_ropus"]
xfade_time = 0.2
switch_mode = 1
advance_mode = 2
advance_expression = "parent_model.current_state.turning_direction == \"straight\""

[sub_resource type="AnimationNodeStateMachineTransition" id="AnimationNodeStateMachineTransition_re18b"]
xfade_time = 0.3
switch_mode = 1
advance_mode = 2
advance_expression = "parent_model.current_state.turning_direction == \"right\""

[sub_resource type="AnimationNodeStateMachineTransition" id="AnimationNodeStateMachineTransition_fcl0u"]
xfade_time = 0.3
switch_mode = 1
advance_mode = 2
advance_expression = "parent_model.current_state.turning_direction == \"left\""

[sub_resource type="AnimationNodeStateMachineTransition" id="AnimationNodeStateMachineTransition_xr7e8"]
xfade_time = 0.5
xfade_curve = SubResource("Curve_riskd")
advance_mode = 2
advance_expression = "parent_model.current_state.is_gliding"

[sub_resource type="AnimationNodeStateMachineTransition" id="AnimationNodeStateMachineTransition_v0c5h"]
xfade_time = 0.5
xfade_curve = SubResource("Curve_riskd")
advance_mode = 2
advance_expression = "parent_model.current_state.is_gliding"

[sub_resource type="AnimationNodeStateMachineTransition" id="AnimationNodeStateMachineTransition_qeohi"]
xfade_time = 0.1
advance_mode = 2
advance_expression = "parent_model.current_state == parent_model.states[\"skate\"]"

[sub_resource type="AnimationNodeStateMachineTransition" id="AnimationNodeStateMachineTransition_fa7ah"]
xfade_time = 0.1
advance_mode = 2
advance_expression = "parent_model.current_state == parent_model.states[\"idle\"]"

[sub_resource type="AnimationNodeStateMachineTransition" id="AnimationNodeStateMachineTransition_riskd"]
xfade_time = 0.5
xfade_curve = SubResource("Curve_riskd")
advance_mode = 2
advance_expression = "parent_model.current_state.is_gliding"

[sub_resource type="AnimationNodeStateMachineTransition" id="AnimationNodeStateMachineTransition_682pp"]
xfade_time = 0.1
advance_mode = 2
advance_expression = "!parent_model.current_state.is_gliding"

[sub_resource type="AnimationNodeStateMachine" id="AnimationNodeStateMachine_xr7e8"]
states/End/position = Vector2(1425, 174)
states/Start/position = Vector2(-148, 174)
states/TurnLeftBlendTree/node = SubResource("AnimationNodeBlendTree_bfm4i")
states/TurnLeftBlendTree/position = Vector2(1006.15, 101)
states/TurnRightBlendTree/node = SubResource("AnimationNodeBlendTree_b0yvp")
states/TurnRightBlendTree/position = Vector2(1281.15, 210)
states/skating/node = SubResource("AnimationNodeBlendTree_tiysj")
states/skating/position = Vector2(382.152, 284)
states/valerie_anim02_IDLE/node = SubResource("AnimationNodeAnimation_7i0dl")
states/valerie_anim02_IDLE/position = Vector2(87, 174)
"states/valerie_anim02_IDLE 2/node" = SubResource("AnimationNodeAnimation_xr7e8")
"states/valerie_anim02_IDLE 2/position" = Vector2(704, 455)
states/valerie_anim02_SKATECYCLE/node = SubResource("AnimationNodeAnimation_fcl0u")
states/valerie_anim02_SKATECYCLE/position = Vector2(727, 204)
transitions = ["Start", "valerie_anim02_IDLE", SubResource("AnimationNodeStateMachineTransition_7i0dl"), "valerie_anim02_SKATECYCLE", "valerie_anim02_IDLE 2", SubResource("AnimationNodeStateMachineTransition_0pvkb"), "valerie_anim02_IDLE 2", "valerie_anim02_SKATECYCLE", SubResource("AnimationNodeStateMachineTransition_tiysj"), "TurnRightBlendTree", "valerie_anim02_SKATECYCLE", SubResource("AnimationNodeStateMachineTransition_v4gb1"), "TurnLeftBlendTree", "valerie_anim02_SKATECYCLE", SubResource("AnimationNodeStateMachineTransition_ropus"), "valerie_anim02_SKATECYCLE", "TurnRightBlendTree", SubResource("AnimationNodeStateMachineTransition_re18b"), "valerie_anim02_SKATECYCLE", "TurnLeftBlendTree", SubResource("AnimationNodeStateMachineTransition_fcl0u"), "TurnRightBlendTree", "valerie_anim02_IDLE 2", SubResource("AnimationNodeStateMachineTransition_xr7e8"), "TurnLeftBlendTree", "valerie_anim02_IDLE 2", SubResource("AnimationNodeStateMachineTransition_v0c5h"), "valerie_anim02_IDLE", "skating", SubResource("AnimationNodeStateMachineTransition_qeohi"), "skating", "valerie_anim02_IDLE", SubResource("AnimationNodeStateMachineTransition_fa7ah"), "skating", "valerie_anim02_IDLE 2", SubResource("AnimationNodeStateMachineTransition_riskd"), "valerie_anim02_IDLE 2", "skating", SubResource("AnimationNodeStateMachineTransition_682pp")]
graph_offset = Vector2(-172.848, 32)

[node name="Valerie01" instance=ExtResource("1_l433w")]
script = ExtResource("2_7i0dl")

[node name="rig04_0001_FitSkeleton" parent="rig04_0001_Group" index="0"]
visible = false

[node name="rig04_0001_MotionSystem" parent="rig04_0001_Group" index="1"]
visible = false

[node name="rig04_0001_FKParentConstraintToChest_M" parent="rig04_0001_Group/rig04_0001_MotionSystem/rig04_0001_FKSystem" index="0"]
transform = Transform3D(-0.00446482, -0.00114082, 0.99999, 0.997238, -0.0741453, 0.00436795, 0.0741395, 0.997247, 0.00146872, 0.0813392, 1.41425, 0.0346332)

[node name="rig04_0001_FKScapula_R" parent="rig04_0001_Group/rig04_0001_MotionSystem/rig04_0001_FKSystem/rig04_0001_FKParentConstraintToChest_M/rig04_0001_FKOffsetScapula_R/rig04_0001_FKExtraScapula_R" index="0"]
transform = Transform3D(0.992207, -0.124396, -0.00717381, 0.124359, 0.985029, 0.119382, -0.00778425, -0.119344, 0.992822, 0, 0, 0)

[node name="Skeleton3D" parent="rig04_0001_Group/rig04_0001_MotionSystem/rig04_0001_FKSystem/rig04_0001_FKParentConstraintToChest_M/rig04_0001_FKOffsetScapula_R/rig04_0001_FKExtraScapula_R/rig04_0001_FKScapula_R" index="0"]
bones/3/rotation = Quaternion(-0.0025947, 0.03477, -0.0487213, 0.998204)
bones/8/rotation = Quaternion(-0.014402, -0.0651062, 0.0437171, 0.996816)
bones/12/rotation = Quaternion(-0.00265528, 0.0264193, 0.0328211, 0.999109)

[node name="rig04_0001_FKScapula_L" parent="rig04_0001_Group/rig04_0001_MotionSystem/rig04_0001_FKSystem/rig04_0001_FKParentConstraintToChest_M/rig04_0001_FKOffsetScapula_L/rig04_0001_FKExtraScapula_L" index="0"]
transform = Transform3D(0.992207, -0.124409, -0.00677707, 0.124325, 0.985027, 0.119434, -0.00818316, -0.119346, 0.992819, 0, 0, 0)

[node name="Skeleton3D" parent="rig04_0001_Group/rig04_0001_MotionSystem/rig04_0001_FKSystem/rig04_0001_FKParentConstraintToChest_M/rig04_0001_FKOffsetScapula_L/rig04_0001_FKExtraScapula_L/rig04_0001_FKScapula_L" index="0"]
bones/3/rotation = Quaternion(-0.0025947, 0.03477, -0.0487213, 0.998204)
bones/8/rotation = Quaternion(-0.0781278, -0.0644393, 0.057749, 0.993181)
bones/12/rotation = Quaternion(-0.00265528, 0.0264193, 0.0328211, 0.999109)

[node name="rig04_0001_FKParentConstraintToWrist_R" parent="rig04_0001_Group/rig04_0001_MotionSystem/rig04_0001_FKSystem" index="1"]
transform = Transform3D(-0.49255, -0.492479, -0.717537, -0.865733, 0.193059, 0.461773, -0.0888869, 0.848642, -0.521446, -0.187899, 1.12837, -0.0911423)

[node name="rig04_0001_FKParentConstraintToRoot_M" parent="rig04_0001_Group/rig04_0001_MotionSystem/rig04_0001_FKSystem" index="2"]
transform = Transform3D(-0.155695, -0.000326965, 0.987806, 0.956339, -0.250439, 0.150652, 0.247336, 0.968132, 0.0393048, 0.0944155, 1.13532, -0.0257603)

[node name="rig04_0001_FKOffsetRoot_M" parent="rig04_0001_Group/rig04_0001_MotionSystem/rig04_0001_FKSystem" index="3"]
transform = Transform3D(-0.00459663, -0.000327998, 0.999989, 0.968122, -0.250439, 0.00436801, 0.250435, 0.968132, 0.00146872, 0.0825095, 1.16117, -0.00951516)

[node name="rig04_0001_HipSwinger_M" parent="rig04_0001_Group/rig04_0001_MotionSystem/rig04_0001_FKSystem/rig04_0001_FKOffsetRoot_M/rig04_0001_FKExtraRoot_M/rig04_0001_FKRoot_M/rig04_0001_HipSwingerOffset_M" index="0"]
transform = Transform3D(0.988511, 0, 0.151152, 0, 1, 0, -0.151152, 0, 0.988511, 0, 0, 1.26218e-31)

[node name="rig04_0001_HipSwingReversePart1" parent="rig04_0001_Group/rig04_0001_MotionSystem/rig04_0001_FKSystem/rig04_0001_FKOffsetRoot_M/rig04_0001_FKExtraRoot_M/rig04_0001_FKRoot_M/rig04_0001_HipSwingReverse" index="0"]
transform = Transform3D(0.997123, 0, 0.0757941, 0, 1, 0, -0.0757941, 0, 0.997123, -0.0518589, 0, 0)

[node name="rig04_0001_HipSwingReversePart2" parent="rig04_0001_Group/rig04_0001_MotionSystem/rig04_0001_FKSystem/rig04_0001_FKOffsetRoot_M/rig04_0001_FKExtraRoot_M/rig04_0001_FKRoot_M/rig04_0001_HipSwingReverse/rig04_0001_HipSwingReversePart1" index="0"]
transform = Transform3D(0.997123, 0, 0.0757941, 0, 1, 0, -0.0757941, 0, 0.997123, -0.0518589, 0, 0)

[node name="rig04_0001_HipSwingReverseXPart1" parent="rig04_0001_Group/rig04_0001_MotionSystem/rig04_0001_FKSystem/rig04_0001_FKOffsetRoot_M/rig04_0001_FKExtraRoot_M/rig04_0001_FKRoot_M/rig04_0001_HipSwingReverse" index="1"]
transform = Transform3D(0.997123, 0, 0.0757941, 0, 1, 0, -0.0757941, 0, 0.997123, -0.0518589, 0, 0)

[node name="rig04_0001_HipSwingReverseXPart2" parent="rig04_0001_Group/rig04_0001_MotionSystem/rig04_0001_FKSystem/rig04_0001_FKOffsetRoot_M/rig04_0001_FKExtraRoot_M/rig04_0001_FKRoot_M/rig04_0001_HipSwingReverse" index="2"]
transform = Transform3D(0.988511, 0, 0.151152, 0, 1, 0, -0.151152, 0, 0.988511, -0.103718, 0, 6.31089e-32)

[node name="Skeleton3D" parent="rig04_0001_Group/rig04_0001_MotionSystem/rig04_0001_FKSystem/rig04_0001_FKOffsetRoot_M" index="1"]
bones/0/position = Vector3(-0.0291765, -0.0092626, 0.0115288)
bones/0/rotation = Quaternion(-1.22905e-32, 0.0757941, -9.34234e-34, 0.997124)
bones/3/rotation = Quaternion(-0.00645717, -0.0378629, 0.0564961, 0.997664)
bones/8/rotation = Quaternion(-0.0010787, -0.037909, 0.0284231, 0.998876)

[node name="rig04_0001_InbetweenRootPart0_M" parent="rig04_0001_Group/rig04_0001_MotionSystem/rig04_0001_FKSystem/rig04_0001_FKOffsetRoot_M/rig04_0001_InbetweenRoot_M" index="0"]
transform = Transform3D(0.988511, 0, 0.151152, 0, 1, 0, -0.151152, 0, 0.988511, 0, 0, 0)

[node name="rig04_0001_InbetweenRootPart1_M" parent="rig04_0001_Group/rig04_0001_MotionSystem/rig04_0001_FKSystem/rig04_0001_FKOffsetRoot_M/rig04_0001_InbetweenRoot_M/rig04_0001_InbetweenRootPart0_M" index="0"]
transform = Transform3D(0.990749, -0.112239, -0.0762785, 0.113217, 0.993533, 0.00860594, 0.0748194, -0.0171624, 0.997048, 0, 1.77636e-17, 0)

[node name="rig04_0001_InbetweenRootPart2_M" parent="rig04_0001_Group/rig04_0001_MotionSystem/rig04_0001_FKSystem/rig04_0001_FKOffsetRoot_M/rig04_0001_InbetweenRoot_M/rig04_0001_InbetweenRootPart0_M/rig04_0001_InbetweenRootPart1_M" index="0"]
transform = Transform3D(0.99551, -0.0567005, -0.0757941, 0.0568641, 0.998382, -6.98492e-10, 0.0756714, -0.00430996, 0.997123, 0, 0, 0)

[node name="rig04_0001_FKParentConstraintToWrist_L" parent="rig04_0001_Group/rig04_0001_MotionSystem/rig04_0001_FKSystem" index="4"]
transform = Transform3D(-0.463175, -0.395064, -0.793343, 0.884343, -0.147083, -0.443061, 0.0583498, -0.906803, 0.417498, 0.348029, 1.12751, -0.0864872)

[node name="rig04_0001_IKParentConstraintShoulder_R" parent="rig04_0001_Group/rig04_0001_MotionSystem/rig04_0001_IKSystem/rig04_0001_IKJoints" index="0"]
transform = Transform3D(-0.920396, -0.0920523, -0.379996, -0.321257, -0.375911, 0.869186, -0.222855, 0.922072, 0.316415, 0.036472, 1.47611, 0.0473815)

[node name="Skeleton3D" parent="rig04_0001_Group/rig04_0001_MotionSystem/rig04_0001_IKSystem/rig04_0001_IKJoints/rig04_0001_IKParentConstraintShoulder_R/rig04_0001_IKXOffsetShoulder_R" index="0"]
bones/0/rotation = Quaternion(0.157092, -0.109607, -0.0109458, 0.981422)
bones/2/rotation = Quaternion(-5.6724e-18, -8.64237e-16, 0.0175977, 0.999845)
bones/4/rotation = Quaternion(0.642002, 0.116932, 0.106833, 0.750164)

[node name="rig04_0001_IKParentConstraintHip_R" parent="rig04_0001_Group/rig04_0001_MotionSystem/rig04_0001_IKSystem/rig04_0001_IKJoints" index="1"]
transform = Transform3D(-0.155694, -0.000326995, 0.987806, 0.956339, -0.250439, 0.150652, 0.247336, 0.968132, 0.0393047, 0.0944155, 1.13532, -0.0257603)

[node name="Skeleton3D" parent="rig04_0001_Group/rig04_0001_MotionSystem/rig04_0001_IKSystem/rig04_0001_IKJoints/rig04_0001_IKParentConstraintHip_R/rig04_0001_IKXOffsetHip_R" index="0"]
bones/0/rotation = Quaternion(0.155818, -0.197743, 0.23621, 0.938522)
bones/2/rotation = Quaternion(-1.99171e-16, 1.0365e-15, -0.319779, 0.947492)
bones/4/rotation = Quaternion(0.0134157, 0.0911384, 0.0990723, 0.990807)

[node name="Skeleton3D" parent="rig04_0001_Group/rig04_0001_MotionSystem/rig04_0001_IKSystem/rig04_0001_IKJoints/rig04_0001_IKParentConstraintRoot_M/rig04_0001_IKXOffsetRoot_M" index="0"]
bones/0/position = Vector3(-0.0276239, 0.00288533, 0.0825095)
bones/0/rotation = Quaternion(-0.000334681, 0.0022797, 0.074461, 0.997221)
bones/6/position = Vector3(0.0518584, -1.93841e-11, 9.55549e-06)
bones/8/position = Vector3(0.0446847, 2.1247e-06, -0.000104127)
bones/12/position = Vector3(0.0446741, -1.93013e-06, 9.45906e-05)

[node name="Skeleton3D" parent="rig04_0001_Group/rig04_0001_MotionSystem/rig04_0001_IKSystem/rig04_0001_IKJoints/rig04_0001_IKParentConstraintRoot_M" index="1"]
bones/0/rotation = Quaternion(-0.000334681, 0.0022797, 0.074461, 0.997221)

[node name="rig04_0001_IKParentConstraintShoulder_L" parent="rig04_0001_Group/rig04_0001_MotionSystem/rig04_0001_IKSystem/rig04_0001_IKJoints" index="3"]
transform = Transform3D(-0.923671, -0.0926099, -0.371828, 0.313556, 0.375103, -0.872343, 0.220261, -0.922346, -0.317434, 0.125627, 1.4765, 0.0475124)

[node name="Skeleton3D" parent="rig04_0001_Group/rig04_0001_MotionSystem/rig04_0001_IKSystem/rig04_0001_IKJoints/rig04_0001_IKParentConstraintShoulder_L/rig04_0001_IKXOffsetShoulder_L" index="0"]
bones/0/rotation = Quaternion(0.157273, 0.124321, -0.203619, 0.958305)
bones/2/rotation = Quaternion(2.92293e-15, 5.41466e-15, 0.577462, 0.816418)
bones/4/rotation = Quaternion(0.537371, -0.231353, -0.0687219, 0.808075)

[node name="rig04_0001_IKParentConstraintHip_L" parent="rig04_0001_Group/rig04_0001_MotionSystem/rig04_0001_IKSystem/rig04_0001_IKJoints" index="4"]
transform = Transform3D(-0.155694, -0.000326995, 0.987806, 0.956339, -0.250439, 0.150652, 0.247336, 0.968132, 0.0393047, 0.0944155, 1.13532, -0.0257603)

[node name="Skeleton3D" parent="rig04_0001_Group/rig04_0001_MotionSystem/rig04_0001_IKSystem/rig04_0001_IKJoints/rig04_0001_IKParentConstraintHip_L/rig04_0001_IKXOffsetHip_L" index="0"]
bones/0/rotation = Quaternion(0.221728, 0.0385152, 0.222068, 0.948704)
bones/2/rotation = Quaternion(-9.68526e-17, 6.38992e-16, -0.296546, 0.955019)
bones/4/rotation = Quaternion(0.0525662, 0.00855747, 0.108572, 0.992661)

[node name="rig04_0001_IKSpSpine2Offset_M" parent="rig04_0001_Group/rig04_0001_MotionSystem/rig04_0001_IKSystem/rig04_0001_IKJoints" index="5"]
transform = Transform3D(-0.155695, -0.000326965, 0.987806, 0.956339, -0.250439, 0.150652, 0.247336, 0.968132, 0.0393048, 0.0944155, 1.13532, -0.0257603)

[node name="rig04_0001_IKSpRootPart1FollowOffset_M" parent="rig04_0001_Group/rig04_0001_MotionSystem/rig04_0001_IKSystem/rig04_0001_IKJoints/rig04_0001_IKSpSpine2Offset_M" index="1"]
transform = Transform3D(0.988511, -2.27402e-09, -0.151152, -3.89338e-10, 1, -1.75908e-08, 0.151152, 1.74475e-08, 0.988511, 0.0818503, 0.0092638, 0.000472467)

[node name="rig04_0001_IKSpRootPart2FollowOffset_M" parent="rig04_0001_Group/rig04_0001_MotionSystem/rig04_0001_IKSystem/rig04_0001_IKJoints/rig04_0001_IKSpSpine2Offset_M" index="2"]
transform = Transform3D(0.988511, 4.72814e-09, -0.151152, -6.0616e-12, 1, 3.1241e-08, 0.151152, -3.08812e-08, 0.988511, 0.133233, 0.00928778, 0.00733688)

[node name="rig04_0001_IKSpSpine1FollowOffset_M" parent="rig04_0001_Group/rig04_0001_MotionSystem/rig04_0001_IKSystem/rig04_0001_IKJoints/rig04_0001_IKSpSpine2Offset_M" index="3"]
transform = Transform3D(0.922908, 0.354109, -0.151152, -0.358225, 0.933635, -5.21541e-08, 0.141121, 0.0541465, 0.988511, 0.184472, 0.00926828, 0.0155776)

[node name="rig04_0001_IKSpSpine1Part1FollowOffset_M" parent="rig04_0001_Group/rig04_0001_MotionSystem/rig04_0001_IKSystem/rig04_0001_IKJoints/rig04_0001_IKSpSpine2Offset_M" index="4"]
transform = Transform3D(0.922908, 0.354109, -0.151152, -0.358225, 0.933635, 4.09782e-08, 0.141121, 0.0541464, 0.988511, 0.225606, -0.00674747, 0.0227186)

[node name="rig04_0001_IKSpSpine1Part2FollowOffset_M" parent="rig04_0001_Group/rig04_0001_MotionSystem/rig04_0001_IKSystem/rig04_0001_IKJoints/rig04_0001_IKSpSpine2Offset_M" index="5"]
transform = Transform3D(0.922908, 0.354109, -0.151152, -0.358225, 0.933635, -3.72529e-09, 0.141121, 0.0541465, 0.988511, 0.266841, -0.0227527, 0.0290237)

[node name="rig04_0001_IKSpChestFollowOffset_M" parent="rig04_0001_Group/rig04_0001_MotionSystem/rig04_0001_IKSystem/rig04_0001_IKJoints/rig04_0001_IKSpSpine2Offset_M" index="6"]
transform = Transform3D(0.928713, 0.338593, -0.151152, -0.342528, 0.939507, 3.72529e-09, 0.142008, 0.0517739, 0.988511, 0.308075, -0.0387578, 0.0353289)

[node name="Skeleton3D" parent="rig04_0001_Group/rig04_0001_MotionSystem/rig04_0001_IKSystem/rig04_0001_IKJoints/rig04_0001_IKAcSpine2Offset_M" index="0"]
bones/0/position = Vector3(-0.0276239, 0.00288533, 0.0825095)
bones/0/rotation = Quaternion(-0.000334681, 0.0022797, 0.074461, 0.997221)
bones/2/position = Vector3(0.0236593, 0.0105867, 0.0822711)
bones/2/rotation = Quaternion(-0.00033469, 0.0022797, 0.074453, 0.997222)
bones/3/position = Vector3(0.0749427, 0.0182873, 0.0820328)
bones/3/rotation = Quaternion(-0.000399458, 0.00226925, 0.0460367, 0.998937)
bones/4/position = Vector3(0.126581, 0.0230569, 0.0817957)
bones/4/rotation = Quaternion(-0.000675945, 0.00220275, -0.0773711, 0.997)
bones/5/position = Vector3(0.170725, 0.0161638, 0.0816042)
bones/5/rotation = Quaternion(-0.000744348, 0.0021806, -0.108434, 0.994101)
bones/6/position = Vector3(0.214353, 0.00653132, 0.0814177)
bones/6/rotation = Quaternion(-0.000744349, 0.00218059, -0.108439, 0.994101)
bones/7/position = Vector3(0.257109, -0.0029092, 0.0812349)
bones/7/rotation = Quaternion(-0.000334681, 0.0022797, 0.074461, 0.997221)

[node name="rig04_0001_IKAcPociXformRoot_M" parent="rig04_0001_Group/rig04_0001_MotionSystem/rig04_0001_IKSystem/rig04_0001_IKJoints/rig04_0001_IKAcSpine2Offset3_M" index="0"]
transform = Transform3D(1, 0, 0, 0, 1, 0, 0, 0, 1, 0.0825095, 1.16117, -0.00951516)

[node name="rig04_0001_IKAcPociXformRootPart1_M" parent="rig04_0001_Group/rig04_0001_MotionSystem/rig04_0001_IKSystem/rig04_0001_IKJoints/rig04_0001_IKAcSpine2Offset3_M" index="1"]
transform = Transform3D(1, 0, 0, 0, 1, 0, 0, 0, 1, 0.0822711, 1.21138, 0.00347212)

[node name="rig04_0001_IKAcPociXformRootPart2_M" parent="rig04_0001_Group/rig04_0001_MotionSystem/rig04_0001_IKSystem/rig04_0001_IKJoints/rig04_0001_IKAcSpine2Offset3_M" index="2"]
transform = Transform3D(1, 0, 0, 0, 1, 0, 0, 0, 1, 0.0820328, 1.26158, 0.0164586)

[node name="rig04_0001_IKAcPociXformSpine1_M" parent="rig04_0001_Group/rig04_0001_MotionSystem/rig04_0001_IKSystem/rig04_0001_IKJoints/rig04_0001_IKAcSpine2Offset3_M" index="3"]
transform = Transform3D(1, 0, 0, 0, 1, 0, 0, 0, 1, 0.0817957, 1.31245, 0.0265669)

[node name="rig04_0001_IKAcPociXformSpine1Part1_M" parent="rig04_0001_Group/rig04_0001_MotionSystem/rig04_0001_IKSystem/rig04_0001_IKJoints/rig04_0001_IKAcSpine2Offset3_M" index="4"]
transform = Transform3D(1, 0, 0, 0, 1, 0, 0, 0, 1, 0.0816042, 1.35707, 0.024297)

[node name="rig04_0001_IKAcPociXformSpine1Part2_M" parent="rig04_0001_Group/rig04_0001_MotionSystem/rig04_0001_IKSystem/rig04_0001_IKJoints/rig04_0001_IKAcSpine2Offset3_M" index="5"]
transform = Transform3D(1, 0, 0, 0, 1, 0, 0, 0, 1, 0.0814177, 1.40146, 0.0192489)

[node name="rig04_0001_IKAcPociXformChest_M" parent="rig04_0001_Group/rig04_0001_MotionSystem/rig04_0001_IKSystem/rig04_0001_IKJoints/rig04_0001_IKAcSpine2Offset3_M" index="6"]
transform = Transform3D(1, 0, 0, 0, 1, 0, 0, 0, 1, 0.0812349, 1.44497, 0.0143013)

[node name="rig04_0001_IKAcSpine2Offset2_M" parent="rig04_0001_Group/rig04_0001_MotionSystem/rig04_0001_IKSystem/rig04_0001_IKJoints" index="8"]
transform = Transform3D(-0.155695, -0.000326965, 0.987806, 0.956339, -0.250439, 0.150652, 0.247336, 0.968132, 0.0393048, 0.0944155, 1.13532, -0.0257603)

[node name="rig04_0001_IKAcRootPart1FollowOffset_M" parent="rig04_0001_Group/rig04_0001_MotionSystem/rig04_0001_IKSystem/rig04_0001_IKJoints/rig04_0001_IKAcSpine2Offset2_M" index="0"]
transform = Transform3D(0.988511, -2.64489e-09, -0.151152, -1.41657e-11, 1, -1.75908e-08, 0.151152, 1.73909e-08, 0.988511, 0.0818503, 0.0092638, 0.000472468)

[node name="rig04_0001_IKAcRootPart2FollowOffset_M" parent="rig04_0001_Group/rig04_0001_MotionSystem/rig04_0001_IKSystem/rig04_0001_IKJoints/rig04_0001_IKAcSpine2Offset2_M" index="1"]
transform = Transform3D(0.988511, 8.43697e-10, -0.151152, -6.03487e-12, 1, 5.54231e-09, 0.151152, -5.47772e-09, 0.988511, 0.133233, 0.00928778, 0.00733689)

[node name="rig04_0001_IKAcSpine1FollowOffset_M" parent="rig04_0001_Group/rig04_0001_MotionSystem/rig04_0001_IKSystem/rig04_0001_IKJoints/rig04_0001_IKAcSpine2Offset2_M" index="2"]
transform = Transform3D(0.922908, 0.354109, -0.151152, -0.358225, 0.933635, -2.04891e-08, 0.141121, 0.0541465, 0.988511, 0.184472, 0.00926828, 0.0155776)

[node name="rig04_0001_IKAcSpine1Part1FollowOffset_M" parent="rig04_0001_Group/rig04_0001_MotionSystem/rig04_0001_IKSystem/rig04_0001_IKJoints/rig04_0001_IKAcSpine2Offset2_M" index="3"]
transform = Transform3D(0.922908, 0.354109, -0.151152, -0.358225, 0.933635, 1.49012e-08, 0.141121, 0.0541465, 0.988511, 0.225606, -0.00674747, 0.0227186)

[node name="rig04_0001_IKAcSpine1Part2FollowOffset_M" parent="rig04_0001_Group/rig04_0001_MotionSystem/rig04_0001_IKSystem/rig04_0001_IKJoints/rig04_0001_IKAcSpine2Offset2_M" index="4"]
transform = Transform3D(0.922908, 0.354109, -0.151152, -0.358225, 0.933635, -3.72529e-09, 0.141121, 0.0541465, 0.988511, 0.266841, -0.0227527, 0.0290237)

[node name="rig04_0001_IKAcChestFollowOffset_M" parent="rig04_0001_Group/rig04_0001_MotionSystem/rig04_0001_IKSystem/rig04_0001_IKJoints/rig04_0001_IKAcSpine2Offset2_M" index="5"]
transform = Transform3D(0.928713, 0.338593, -0.151152, -0.342528, 0.939507, 5.58794e-09, 0.142008, 0.0517739, 0.988511, 0.308085, -0.0387578, 0.0352029)

[node name="rig04_0001_IKcvOffsetSpine21_M" parent="rig04_0001_Group/rig04_0001_MotionSystem/rig04_0001_IKSystem/rig04_0001_IKHandle/rig04_0001_IKHandleFollowMain" index="2"]
transform = Transform3D(0.999989, -0.00453764, -0.000803746, 0.00436795, 0.988902, -0.148511, 0.00146871, 0.148506, 0.988911, 0.0822711, 1.21138, 0.00347212)

[node name="rig04_0001_IKcvOffsetSpine22_M" parent="rig04_0001_Group/rig04_0001_MotionSystem/rig04_0001_IKSystem/rig04_0001_IKHandle/rig04_0001_IKHandleFollowMain" index="3"]
transform = Transform3D(0.999989, -0.00453764, -0.000803746, 0.00436795, 0.988902, -0.148511, 0.00146871, 0.148506, 0.988911, 0.0820328, 1.26158, 0.0164594)

[node name="rig04_0001_IKcvOffsetSpine23_M" parent="rig04_0001_Group/rig04_0001_MotionSystem/rig04_0001_IKSystem/rig04_0001_IKHandle/rig04_0001_IKHandleFollowMain" index="4"]
transform = Transform3D(0.999989, -0.00453764, -0.000803746, 0.00436795, 0.988902, -0.148511, 0.00146871, 0.148506, 0.988911, 0.0817944, 1.31179, 0.0294467)

[node name="rig04_0001_IKcvOffsetSpine24_M" parent="rig04_0001_Group/rig04_0001_MotionSystem/rig04_0001_IKSystem/rig04_0001_IKHandle/rig04_0001_IKHandleFollowMain" index="5"]
transform = Transform3D(0.999989, -0.00453764, -0.000803746, 0.00436795, 0.988902, -0.148511, 0.00146871, 0.148506, 0.988911, 0.0816079, 1.35618, 0.0243982)

[node name="rig04_0001_IKcvOffsetSpine25_M" parent="rig04_0001_Group/rig04_0001_MotionSystem/rig04_0001_IKSystem/rig04_0001_IKHandle/rig04_0001_IKHandleFollowMain" index="6"]
transform = Transform3D(0.999989, -0.00453764, -0.000803746, 0.00436795, 0.988902, -0.148511, 0.00146871, 0.148506, 0.988911, 0.0814214, 1.40057, 0.0193497)

[node name="rig04_0001_IKOffsetSpine22_M" parent="rig04_0001_Group/rig04_0001_MotionSystem/rig04_0001_IKSystem/rig04_0001_IKHandle/rig04_0001_IKHandleFollowMain" index="7"]
transform = Transform3D(0.999989, -0.00453764, -0.000803746, 0.00436795, 0.988902, -0.148511, 0.00146871, 0.148506, 0.988911, 0.0818463, 1.30131, 0.0253144)

[node name="rig04_0001_IKOffsetConstrainedSpine21_M" parent="rig04_0001_Group/rig04_0001_MotionSystem/rig04_0001_IKSystem/rig04_0001_IKHandle/rig04_0001_IKHandleFollowMain" index="8"]
transform = Transform3D(0.999989, -0.00453764, -0.000803746, 0.00436795, 0.988902, -0.148511, 0.00146871, 0.148506, 0.988911, 0.0825095, 1.16117, -0.00951516)

[node name="rig04_0001_IKFollowEndSpine21_M" parent="rig04_0001_Group/rig04_0001_MotionSystem/rig04_0001_IKSystem/rig04_0001_IKHandle/rig04_0001_IKHandleFollowMain/rig04_0001_IKFollowEndSpine2_M" index="0"]
transform = Transform3D(0.999989, -0.00453764, -0.000803746, 0.00436795, 0.988902, -0.148511, 0.00146871, 0.148506, 0.988911, 0.0825095, 1.16117, -0.00951516)

[node name="rig04_0001_IKFollowEndSpine23_M" parent="rig04_0001_Group/rig04_0001_MotionSystem/rig04_0001_IKSystem/rig04_0001_IKHandle/rig04_0001_IKHandleFollowMain/rig04_0001_IKFollowEndSpine2_M" index="1"]
transform = Transform3D(0.999989, -0.00453764, -0.000803746, 0.00436795, 0.988902, -0.148511, 0.00146871, 0.148506, 0.988911, 0.0812349, 1.44497, 0.0143013)

[node name="rig04_0001_IKLeg_R" parent="rig04_0001_Group/rig04_0001_MotionSystem/rig04_0001_IKSystem/rig04_0001_IKHandle/rig04_0001_IKHandleFollowMain/rig04_0001_IKOffsetLeg_R/rig04_0001_IKExtraLeg_R" index="0"]
transform = Transform3D(1, 0, 0, 0, 1, 0, 0, 0, 1, 0, 0, 0)

[node name="rig04_0001_PoleOffsetLeg_R" parent="rig04_0001_Group/rig04_0001_MotionSystem/rig04_0001_IKSystem/rig04_0001_IKHandle/rig04_0001_IKHandleFollowMain" index="11"]
transform = Transform3D(0.953229, 0.151488, -0.261545, -0.133545, 0.987375, 0.0851741, 0.271147, -0.0462622, 0.961425, -0.0991074, 0.789109, 0.919516)

[node name="rig04_0001_PoleAimLeg_R" parent="rig04_0001_Group/rig04_0001_MotionSystem/rig04_0001_IKSystem/rig04_0001_IKHandle/rig04_0001_IKHandleFollowMain" index="12"]
transform = Transform3D(-0.253257, -0.246463, -0.935476, -0.967342, 0.0749458, 0.242139, 0.0104318, 0.96625, -0.257395, 0.0944155, 1.13532, -0.0257603)

[node name="rig04_0001_IKLeg_L" parent="rig04_0001_Group/rig04_0001_MotionSystem/rig04_0001_IKSystem/rig04_0001_IKHandle/rig04_0001_IKHandleFollowMain/rig04_0001_IKOffsetLeg_L/rig04_0001_IKExtraLeg_L" index="0"]
transform = Transform3D(1, 0, 0, 0, 1, 0, 0, 0, 1, 0, 0, 0)

[node name="rig04_0001_PoleOffsetLeg_L" parent="rig04_0001_Group/rig04_0001_MotionSystem/rig04_0001_IKSystem/rig04_0001_IKHandle/rig04_0001_IKHandleFollowMain" index="16"]
transform = Transform3D(0.957341, 0.00541893, 0.288908, -0.019172, 0.998812, 0.0447949, -0.288322, -0.048423, 0.956307, 0.247799, 0.764846, 0.917681)

[node name="rig04_0001_PoleAimLeg_L" parent="rig04_0001_Group/rig04_0001_MotionSystem/rig04_0001_IKSystem/rig04_0001_IKHandle/rig04_0001_IKHandleFollowMain" index="17"]
transform = Transform3D(-0.0975767, -0.272489, -0.957198, 0.995169, -0.037086, -0.0908902, -0.010732, -0.961443, 0.274792, 0.0944155, 1.13532, -0.0257603)

[node name="rig04_0001_IKOffsetArm_RFollowNoScaleOffset" parent="rig04_0001_Group/rig04_0001_MotionSystem/rig04_0001_IKSystem/rig04_0001_IKFollow" index="0"]
transform = Transform3D(-0.920396, -0.0920523, -0.379997, -0.321258, -0.375912, 0.869186, -0.222856, 0.922072, 0.316415, 0.036472, 1.47611, 0.0473815)

[node name="rig04_0001_IKOffsetArm_RFollow" parent="rig04_0001_Group/rig04_0001_MotionSystem/rig04_0001_IKSystem/rig04_0001_IKFollow/rig04_0001_IKOffsetArm_RFollowOffset" index="0"]
transform = Transform3D(0.986939, -0.0163951, 0.160253, 0.0751141, 0.926876, -0.367774, -0.142505, 0.375008, 0.916003, 0.0877216, -0.0435736, -0.0255327)

[node name="rig04_0001_IKhybridFollowSpine21_MFollowNoScaleOffset" parent="rig04_0001_Group/rig04_0001_MotionSystem/rig04_0001_IKSystem/rig04_0001_IKFollow" index="4"]
transform = Transform3D(0.999989, -0.00453764, -0.000803746, 0.00436795, 0.988902, -0.148511, 0.00146871, 0.148506, 0.988911, 0.0825095, 1.16117, -0.00951516)

[node name="rig04_0001_IKhybridFollowSpine21_MFollow" parent="rig04_0001_Group/rig04_0001_MotionSystem/rig04_0001_IKSystem/rig04_0001_IKFollow/rig04_0001_IKhybridFollowSpine21_MFollowOffset" index="0"]
transform = Transform3D(0.9889, -0.14851, 0.00449689, 0.148506, 0.98891, 0.001007, -0.00459657, -0.000328004, 0.999989, -0.0276239, 0.00288533, 0.0825095)

[node name="rig04_0001_PoleOffsetLeg_RFollowNoScaleOffset" parent="rig04_0001_Group/rig04_0001_MotionSystem/rig04_0001_IKSystem/rig04_0001_IKFollow" index="6"]
transform = Transform3D(-0.253257, -0.246463, -0.935476, -0.967342, 0.0749458, 0.242139, 0.0104318, 0.96625, -0.257395, 0.0944155, 1.13532, -0.0257603)

[node name="rig04_0001_PoleOffsetLeg_RFollow" parent="rig04_0001_Group/rig04_0001_MotionSystem/rig04_0001_IKSystem/rig04_0001_IKFollow/rig04_0001_PoleOffsetLeg_RFollowOffset" index="0"]
transform = Transform3D(0.953229, 0.151488, -0.261545, -0.133545, 0.987375, 0.0851741, 0.271147, -0.0462622, 0.961425, -0.21718, 0.0150534, -0.000908254)

[node name="rig04_0001_IKOffsetArm_LFollowNoScaleOffset" parent="rig04_0001_Group/rig04_0001_MotionSystem/rig04_0001_IKSystem/rig04_0001_IKFollow" index="8"]
transform = Transform3D(-0.923672, -0.0926103, -0.371828, 0.313557, 0.375103, -0.872341, 0.220262, -0.922346, -0.317433, 0.125627, 1.4765, 0.0475124)

[node name="rig04_0001_IKOffsetArm_LFollow" parent="rig04_0001_Group/rig04_0001_MotionSystem/rig04_0001_IKSystem/rig04_0001_IKFollow/rig04_0001_IKOffsetArm_LFollowOffset" index="0"]
transform = Transform3D(0.987131, 0.007594, -0.159736, -0.0668547, 0.926992, -0.369076, 0.145271, 0.375005, 0.91557, 0.0777296, -0.0413684, -0.0247777)

[node name="rig04_0001_PoleOffsetLeg_LFollowNoScaleOffset" parent="rig04_0001_Group/rig04_0001_MotionSystem/rig04_0001_IKSystem/rig04_0001_IKFollow" index="12"]
transform = Transform3D(-0.0975767, -0.272489, -0.957198, 0.995169, -0.037086, -0.0908902, -0.010732, -0.961443, 0.274792, 0.0944155, 1.13532, -0.0257603)

[node name="rig04_0001_PoleOffsetLeg_LFollow" parent="rig04_0001_Group/rig04_0001_MotionSystem/rig04_0001_IKSystem/rig04_0001_IKFollow/rig04_0001_PoleOffsetLeg_LFollowOffset" index="0"]
transform = Transform3D(0.957341, 0.00541893, 0.288908, -0.019172, 0.998812, 0.0447949, -0.288322, -0.048423, 0.956307, 0.365871, -0.00920952, -0.00274274)

[node name="rig04_0001_IKmessureLoc1Arm_R" parent="rig04_0001_Group/rig04_0001_MotionSystem/rig04_0001_IKSystem/rig04_0001_IKMessure" index="0"]
transform = Transform3D(1, 0, 0, 0, 1, 0, 0, 0, 1, -0.0143815, 1.45836, 0.0350684)

[node name="rig04_0001_IKmessureLoc2Arm_R" parent="rig04_0001_Group/rig04_0001_MotionSystem/rig04_0001_IKSystem/rig04_0001_IKMessure/rig04_0001_IKmessureLoc1Arm_R" index="0"]
transform = Transform3D(1, 0, 0, 0, 1, 0, 0, 0, 1, -0.252916, -0.299267, -0.0856042)

[node name="rig04_0001_IKmessureLoc1Leg_R" parent="rig04_0001_Group/rig04_0001_MotionSystem/rig04_0001_IKSystem/rig04_0001_IKMessure" index="2"]
transform = Transform3D(1, 0, 0, 0, 1, 0, 0, 0, 1, 0.0220394, 1.0915, -0.0430255)

[node name="rig04_0001_IKmessureLoc2Leg_R" parent="rig04_0001_Group/rig04_0001_MotionSystem/rig04_0001_IKSystem/rig04_0001_IKMessure/rig04_0001_IKmessureLoc1Leg_R" index="0"]
transform = Transform3D(1, 0, 0, 0, 1, 0, 0, 0, 1, -0.173505, -0.89533, 0.0273929)

[node name="rig04_0001_IKmessureLoc1Arm_L" parent="rig04_0001_Group/rig04_0001_MotionSystem/rig04_0001_IKSystem/rig04_0001_IKMessure" index="4"]
transform = Transform3D(1, 0, 0, 0, 1, 0, 0, 0, 1, 0.176661, 1.45918, 0.0353427)

[node name="rig04_0001_IKmessureLoc2Arm_L" parent="rig04_0001_Group/rig04_0001_MotionSystem/rig04_0001_IKSystem/rig04_0001_IKMessure/rig04_0001_IKmessureLoc1Arm_L" index="0"]
transform = Transform3D(1, 0, 0, 0, 1, 0, 0, 0, 1, 0.0906365, -0.300082, -0.0858785)

[node name="rig04_0001_IKmessureLoc1Leg_L" parent="rig04_0001_Group/rig04_0001_MotionSystem/rig04_0001_IKSystem/rig04_0001_IKMessure" index="6"]
transform = Transform3D(1, 0, 0, 0, 1, 0, 0, 0, 1, 0.177668, 1.11523, -0.0368335)

[node name="rig04_0001_IKmessureLoc2Leg_L" parent="rig04_0001_Group/rig04_0001_MotionSystem/rig04_0001_IKSystem/rig04_0001_IKMessure/rig04_0001_IKmessureLoc1Leg_L" index="0"]
transform = Transform3D(1, 0, 0, 0, 1, 0, 0, 0, 1, 0.0088285, -0.919066, 0.0212008)

[node name="rig04_0001_FKIKParentConstraintArm_R" parent="rig04_0001_Group/rig04_0001_MotionSystem/rig04_0001_FKIKSystem" index="0"]
transform = Transform3D(-0.920396, -0.0920523, -0.379997, -0.321258, -0.375912, 0.869186, -0.222856, 0.922072, 0.316415, 0.036472, 1.47611, 0.0473815)

[node name="rig04_0001_FKIKArm_R" parent="rig04_0001_Group/rig04_0001_MotionSystem/rig04_0001_FKIKSystem/rig04_0001_FKIKParentConstraintArm_R" index="0"]
transform = Transform3D(-0.900749, -0.366249, -0.233482, -0.250486, -0.00112951, 0.96812, -0.354836, 0.930516, -0.0907227, 0.186243, 0.0697103, -0.00481354)

[node name="rig04_0001_FKIKParentConstraintLeg_R" parent="rig04_0001_Group/rig04_0001_MotionSystem/rig04_0001_FKIKSystem" index="1"]
transform = Transform3D(-0.155695, -0.000326965, 0.987806, 0.956339, -0.250439, 0.150652, 0.247336, 0.968132, 0.0393048, 0.0944155, 1.13532, -0.0257603)

[node name="rig04_0001_FKIKLeg_R" parent="rig04_0001_Group/rig04_0001_MotionSystem/rig04_0001_FKIKSystem/rig04_0001_FKIKParentConstraintLeg_R" index="0"]
transform = Transform3D(1.30661e-07, 0.994589, 0.103885, -9.08196e-09, -0.103885, 0.994589, 1, -1.30898e-07, -4.54098e-09, -0.13184, 0.0415525, -0.20934)

[node name="rig04_0001_FKIKParentConstraintSpine2_M" parent="rig04_0001_Group/rig04_0001_MotionSystem/rig04_0001_FKIKSystem" index="2"]
transform = Transform3D(-0.155695, -0.000326965, 0.987806, 0.956339, -0.250439, 0.150652, 0.247336, 0.968132, 0.0393048, 0.0944155, 1.13532, -0.0257603)

[node name="rig04_0001_FKIKSpine2_M" parent="rig04_0001_Group/rig04_0001_MotionSystem/rig04_0001_FKIKSystem/rig04_0001_FKIKParentConstraintSpine2_M" index="0"]
transform = Transform3D(1.30661e-07, 0.994589, 0.103885, -9.08196e-09, -0.103885, 0.994589, 1, -1.30898e-07, -4.54098e-09, 0.105838, 0, 0.238104)

[node name="rig04_0001_FKIKParentConstraintArm_L" parent="rig04_0001_Group/rig04_0001_MotionSystem/rig04_0001_FKIKSystem" index="3"]
transform = Transform3D(-0.923672, -0.0926103, -0.371828, 0.313557, 0.375103, -0.872341, 0.220262, -0.922346, -0.317433, 0.125627, 1.4765, 0.0475124)

