[gd_scene load_steps=36 format=3 uid="uid://dit45cnjx68ie"]

[ext_resource type="PackedScene" uid="uid://dfi3off64iusc" path="res://assets/player_character/valerie_anim02/PC RIG.fbx" id="1_l433w"]
[ext_resource type="Script" uid="uid://c66nvjg5ps52s" path="res://scenes/valerie.gd" id="2_7i0dl"]
[ext_resource type="Animation" uid="uid://ctmr4ax23gnf" path="res://assets/player_character/valerie_anim02/02GLIDE.res" id="2_riskd"]
[ext_resource type="Animation" uid="uid://dpug8gpjmrdbe" path="res://assets/player_character/valerie_anim02/04TURNRIGHT.res" id="3_7i0dl"]
[ext_resource type="Animation" uid="uid://qdkc50uakcwg" path="res://assets/player_character/valerie_anim02/06TURNLEFT.res" id="4_fcl0u"]
[ext_resource type="Animation" uid="uid://66c2gaorh0gj" path="res://assets/player_character/valerie_anim02/IDLE.res" id="5_ropus"]
[ext_resource type="Animation" uid="uid://ceyopkidb7iui" path="res://assets/player_character/valerie_anim02/SKATECYCLE.res" id="6_682pp"]

[sub_resource type="AnimationLibrary" id="AnimationLibrary_xr7e8"]
_data = {
&"02GLIDE": ExtResource("2_riskd"),
&"04TURNRIGHT": ExtResource("3_7i0dl"),
&"06TURNLEFT": ExtResource("4_fcl0u"),
&"IDLE": ExtResource("5_ropus"),
&"SKATECYCLE": ExtResource("6_682pp")
}

[sub_resource type="AnimationNodeBlend2" id="AnimationNodeBlend2_7i0dl"]

[sub_resource type="AnimationNodeAnimation" id="AnimationNodeAnimation_ropus"]
animation = &"valerie_anim02/SKATECYCLE"

[sub_resource type="AnimationNodeAnimation" id="AnimationNodeAnimation_b0yvp"]
animation = &"valerie_anim02/06TURNLEFT"

[sub_resource type="AnimationNodeBlendTree" id="AnimationNodeBlendTree_bfm4i"]
graph_offset = Vector2(-358.434, -80.6052)
nodes/Blend2/node = SubResource("AnimationNodeBlend2_7i0dl")
nodes/Blend2/position = Vector2(480, 120)
nodes/output/position = Vector2(760, 160)
nodes/skate_cycle/node = SubResource("AnimationNodeAnimation_ropus")
nodes/skate_cycle/position = Vector2(100, 40)
nodes/turn_left/node = SubResource("AnimationNodeAnimation_b0yvp")
nodes/turn_left/position = Vector2(100, 380)
node_connections = [&"Blend2", 0, &"skate_cycle", &"Blend2", 1, &"turn_left", &"output", 0, &"Blend2"]

[sub_resource type="AnimationNodeBlend2" id="AnimationNodeBlend2_riskd"]

[sub_resource type="AnimationNodeAnimation" id="AnimationNodeAnimation_v0c5h"]
animation = &"valerie_anim02/04TURNRIGHT"

[sub_resource type="AnimationNodeAnimation" id="AnimationNodeAnimation_fa7ah"]
animation = &"valerie_anim02/SKATECYCLE"

[sub_resource type="AnimationNodeBlendTree" id="AnimationNodeBlendTree_b0yvp"]
graph_offset = Vector2(-223, 21)
nodes/Blend2/node = SubResource("AnimationNodeBlend2_riskd")
nodes/Blend2/position = Vector2(420, 160)
nodes/TurnRight/node = SubResource("AnimationNodeAnimation_v0c5h")
nodes/TurnRight/position = Vector2(20, 280)
nodes/output/position = Vector2(720, 220)
nodes/skate_cycle/node = SubResource("AnimationNodeAnimation_fa7ah")
nodes/skate_cycle/position = Vector2(40, 80)
node_connections = [&"Blend2", 0, &"skate_cycle", &"Blend2", 1, &"TurnRight", &"output", 0, &"Blend2"]

[sub_resource type="AnimationNodeAnimation" id="AnimationNodeAnimation_682pp"]
animation = &"valerie_anim02/SKATECYCLE"

[sub_resource type="AnimationNodeBlend3" id="AnimationNodeBlend3_riskd"]

[sub_resource type="AnimationNodeAnimation" id="AnimationNodeAnimation_bfm4i"]
animation = &"valerie_anim02/06TURNLEFT"

[sub_resource type="AnimationNodeAnimation" id="AnimationNodeAnimation_0pvkb"]
animation = &"valerie_anim02/04TURNRIGHT"

[sub_resource type="AnimationNodeBlendTree" id="AnimationNodeBlendTree_tiysj"]
graph_offset = Vector2(-348.979, -88.9611)
nodes/output/position = Vector2(600, 220)
nodes/skate_cycle/node = SubResource("AnimationNodeAnimation_682pp")
nodes/skate_cycle/position = Vector2(-400, 240)
nodes/skate_direction_anim_blend/node = SubResource("AnimationNodeBlend3_riskd")
nodes/skate_direction_anim_blend/position = Vector2(120, 160)
nodes/turn_left/node = SubResource("AnimationNodeAnimation_bfm4i")
nodes/turn_left/position = Vector2(-400, 420)
nodes/turn_right/node = SubResource("AnimationNodeAnimation_0pvkb")
nodes/turn_right/position = Vector2(-420, 60)
node_connections = [&"output", 0, &"skate_direction_anim_blend", &"skate_direction_anim_blend", 0, &"turn_right", &"skate_direction_anim_blend", 1, &"skate_cycle", &"skate_direction_anim_blend", 2, &"turn_left"]

[sub_resource type="AnimationNodeAnimation" id="AnimationNodeAnimation_xr7e8"]
animation = &"valerie_anim02/IDLE"

[sub_resource type="AnimationNodeAnimation" id="AnimationNodeAnimation_7i0dl"]
animation = &"valerie_anim02/IDLE"

[sub_resource type="AnimationNodeAnimation" id="AnimationNodeAnimation_fcl0u"]
animation = &"valerie_anim02/SKATECYCLE"

[sub_resource type="AnimationNodeStateMachineTransition" id="AnimationNodeStateMachineTransition_7i0dl"]
advance_mode = 2

[sub_resource type="AnimationNodeStateMachineTransition" id="AnimationNodeStateMachineTransition_v4gb1"]
xfade_time = 0.2
switch_mode = 1
advance_mode = 2
advance_expression = "parent_model.current_state.turning_direction == \"straight\""

[sub_resource type="AnimationNodeStateMachineTransition" id="AnimationNodeStateMachineTransition_ropus"]
xfade_time = 0.2
switch_mode = 1
advance_mode = 2
advance_expression = "parent_model.current_state.turning_direction == \"straight\""

[sub_resource type="AnimationNodeStateMachineTransition" id="AnimationNodeStateMachineTransition_re18b"]
xfade_time = 0.3
switch_mode = 1
advance_mode = 2
advance_expression = "parent_model.current_state.turning_direction == \"right\""

[sub_resource type="AnimationNodeStateMachineTransition" id="AnimationNodeStateMachineTransition_fcl0u"]
xfade_time = 0.3
switch_mode = 1
advance_mode = 2
advance_expression = "parent_model.current_state.turning_direction == \"left\""

[sub_resource type="AnimationNodeStateMachineTransition" id="AnimationNodeStateMachineTransition_qeohi"]
xfade_time = 0.1
advance_mode = 2
advance_expression = "parent_model.current_state == parent_model.states[\"skate\"]"

[sub_resource type="AnimationNodeStateMachineTransition" id="AnimationNodeStateMachineTransition_fa7ah"]
xfade_time = 0.1
advance_mode = 2
advance_expression = "parent_model.current_state == parent_model.states[\"idle\"]"

[sub_resource type="Curve" id="Curve_riskd"]
_data = [Vector2(0, 0), 0.0, 0.0, 0, 0, Vector2(0.344371, 0.0428938), 0.124557, 0.613035, 1, 0, Vector2(1, 1), 0.0, 0.0, 0, 0]
point_count = 3

[sub_resource type="AnimationNodeStateMachineTransition" id="AnimationNodeStateMachineTransition_riskd"]
xfade_time = 0.5
xfade_curve = SubResource("Curve_riskd")
priority = 2
advance_mode = 2
advance_expression = "parent_model.current_state.is_gliding"

[sub_resource type="AnimationNodeStateMachineTransition" id="AnimationNodeStateMachineTransition_682pp"]
xfade_time = 0.1
advance_mode = 2
advance_expression = "!parent_model.current_state.is_gliding"

[sub_resource type="AnimationNodeStateMachine" id="AnimationNodeStateMachine_xr7e8"]
states/End/position = Vector2(1425, 174)
states/Start/position = Vector2(-361, 200)
states/TurnLeftBlendTree/node = SubResource("AnimationNodeBlendTree_bfm4i")
states/TurnLeftBlendTree/position = Vector2(1006.15, 101)
states/TurnRightBlendTree/node = SubResource("AnimationNodeBlendTree_b0yvp")
states/TurnRightBlendTree/position = Vector2(1281.15, 210)
states/skating/node = SubResource("AnimationNodeBlendTree_tiysj")
states/skating/position = Vector2(22.152, 300)
states/valerie_anim02_IDLE/node = SubResource("AnimationNodeAnimation_7i0dl")
states/valerie_anim02_IDLE/position = Vector2(-169, 200)
"states/valerie_anim02_IDLE 2/node" = SubResource("AnimationNodeAnimation_xr7e8")
"states/valerie_anim02_IDLE 2/position" = Vector2(206, 401)
states/valerie_anim02_SKATECYCLE/node = SubResource("AnimationNodeAnimation_fcl0u")
states/valerie_anim02_SKATECYCLE/position = Vector2(727, 204)
transitions = ["Start", "valerie_anim02_IDLE", SubResource("AnimationNodeStateMachineTransition_7i0dl"), "TurnRightBlendTree", "valerie_anim02_SKATECYCLE", SubResource("AnimationNodeStateMachineTransition_v4gb1"), "TurnLeftBlendTree", "valerie_anim02_SKATECYCLE", SubResource("AnimationNodeStateMachineTransition_ropus"), "valerie_anim02_SKATECYCLE", "TurnRightBlendTree", SubResource("AnimationNodeStateMachineTransition_re18b"), "valerie_anim02_SKATECYCLE", "TurnLeftBlendTree", SubResource("AnimationNodeStateMachineTransition_fcl0u"), "valerie_anim02_IDLE", "skating", SubResource("AnimationNodeStateMachineTransition_qeohi"), "skating", "valerie_anim02_IDLE", SubResource("AnimationNodeStateMachineTransition_fa7ah"), "skating", "valerie_anim02_IDLE 2", SubResource("AnimationNodeStateMachineTransition_riskd"), "valerie_anim02_IDLE 2", "skating", SubResource("AnimationNodeStateMachineTransition_682pp")]
graph_offset = Vector2(-436.848, 168)

[node name="Valerie01" instance=ExtResource("1_l433w")]
script = ExtResource("2_7i0dl")

[node name="rig04_0001_FitSkeleton" parent="rig04_0001_Group" index="0"]
visible = false

[node name="rig04_0001_MotionSystem" parent="rig04_0001_Group" index="1"]
visible = false

[node name="rig04_0001_FKParentConstraintToChest_M" parent="rig04_0001_Group/rig04_0001_MotionSystem/rig04_0001_FKSystem" index="0"]
transform = Transform3D(-0.00448583, -0.00105548, 0.99999, 0.99564, -0.0931721, 0.00436798, 0.0931665, 0.995649, 0.00146884, 0.0248257, 1.3963, 0.0393837)

[node name="rig04_0001_FKScapula_R" parent="rig04_0001_Group/rig04_0001_MotionSystem/rig04_0001_FKSystem/rig04_0001_FKParentConstraintToChest_M/rig04_0001_FKOffsetScapula_R/rig04_0001_FKExtraScapula_R" index="0"]
transform = Transform3D(0.959403, -0.259995, 0.109315, 0.272136, 0.955165, -0.116628, -0.0740906, 0.141642, 0.987141, 0, 0, 0)

[node name="Skeleton3D" parent="rig04_0001_Group/rig04_0001_MotionSystem/rig04_0001_FKSystem/rig04_0001_FKParentConstraintToChest_M/rig04_0001_FKOffsetScapula_R/rig04_0001_FKExtraScapula_R/rig04_0001_FKScapula_R" index="0"]
bones/3/rotation = Quaternion(-0.000137655, 0.00432444, -0.00604723, 0.999972)
bones/8/rotation = Quaternion(0.0210199, -0.0856862, 0.128216, 0.987814)
bones/12/rotation = Quaternion(0.00283944, 0.0367708, 0.070469, 0.996832)

[node name="rig04_0001_FKScapula_L" parent="rig04_0001_Group/rig04_0001_MotionSystem/rig04_0001_FKSystem/rig04_0001_FKParentConstraintToChest_M/rig04_0001_FKOffsetScapula_L/rig04_0001_FKExtraScapula_L" index="0"]
transform = Transform3D(0.955937, -0.250849, 0.152504, 0.268768, 0.956798, -0.110905, -0.118095, 0.147006, 0.98206, 0, 0, 0)

[node name="Skeleton3D" parent="rig04_0001_Group/rig04_0001_MotionSystem/rig04_0001_FKSystem/rig04_0001_FKParentConstraintToChest_M/rig04_0001_FKOffsetScapula_L/rig04_0001_FKExtraScapula_L/rig04_0001_FKScapula_L" index="0"]
bones/3/rotation = Quaternion(-0.000137655, 0.00432444, -0.00604723, 0.999972)
bones/8/rotation = Quaternion(-0.00398012, -0.098084, 0.135763, 0.985866)
bones/12/rotation = Quaternion(0.00283944, 0.0367708, 0.070469, 0.996832)

[node name="rig04_0001_FKParentConstraintToWrist_R" parent="rig04_0001_Group/rig04_0001_MotionSystem/rig04_0001_FKSystem" index="1"]
transform = Transform3D(-0.383025, -0.486189, -0.785438, -0.792854, 0.60934, 0.0094572, 0.474001, 0.626359, -0.618868, -0.209908, 1.07694, 0.0941402)

[node name="rig04_0001_FKParentConstraintToRoot_M" parent="rig04_0001_Group/rig04_0001_MotionSystem/rig04_0001_FKSystem" index="2"]
transform = Transform3D(0.0968526, -0.000240928, 0.9953, 0.958639, -0.268879, -0.0933505, 0.267637, 0.963174, -0.0258107, 0.0182438, 1.11813, -0.0264569)

[node name="rig04_0001_FKOffsetRoot_M" parent="rig04_0001_Group/rig04_0001_MotionSystem/rig04_0001_FKSystem" index="3"]
transform = Transform3D(-0.00460203, -0.000240305, 0.999989, 0.963164, -0.268878, 0.00436795, 0.268874, 0.963174, 0.00146884, 0.0259991, 1.14412, -0.00951516)

[node name="rig04_0001_HipSwinger_M" parent="rig04_0001_Group/rig04_0001_MotionSystem/rig04_0001_FKSystem/rig04_0001_FKOffsetRoot_M/rig04_0001_FKExtraRoot_M/rig04_0001_FKRoot_M/rig04_0001_HipSwingerOffset_M" index="0"]
transform = Transform3D(0.994842, 0, -0.101437, 0, 1, 0, 0.101437, 0, 0.994842, 0, 0, 1.26218e-31)

[node name="rig04_0001_HipSwingReversePart1" parent="rig04_0001_Group/rig04_0001_MotionSystem/rig04_0001_FKSystem/rig04_0001_FKOffsetRoot_M/rig04_0001_FKExtraRoot_M/rig04_0001_FKRoot_M/rig04_0001_HipSwingReverse" index="0"]
transform = Transform3D(0.998709, 0, -0.0507814, 0, 1, 0, 0.0507814, 0, 0.998709, -0.0518589, 0, 0)

[node name="rig04_0001_HipSwingReversePart2" parent="rig04_0001_Group/rig04_0001_MotionSystem/rig04_0001_FKSystem/rig04_0001_FKOffsetRoot_M/rig04_0001_FKExtraRoot_M/rig04_0001_FKRoot_M/rig04_0001_HipSwingReverse/rig04_0001_HipSwingReversePart1" index="0"]
transform = Transform3D(0.998709, 0, -0.0507814, 0, 1, 0, 0.0507814, 0, 0.998709, -0.0518589, 0, 0)

[node name="rig04_0001_HipSwingReverseXPart1" parent="rig04_0001_Group/rig04_0001_MotionSystem/rig04_0001_FKSystem/rig04_0001_FKOffsetRoot_M/rig04_0001_FKExtraRoot_M/rig04_0001_FKRoot_M/rig04_0001_HipSwingReverse" index="1"]
transform = Transform3D(0.998709, 0, -0.0507814, 0, 1, 0, 0.0507814, 0, 0.998709, -0.0518589, 0, 0)

[node name="rig04_0001_HipSwingReverseXPart2" parent="rig04_0001_Group/rig04_0001_MotionSystem/rig04_0001_FKSystem/rig04_0001_FKOffsetRoot_M/rig04_0001_FKExtraRoot_M/rig04_0001_FKRoot_M/rig04_0001_HipSwingReverse" index="2"]
transform = Transform3D(0.994843, 0, -0.101432, 0, 1, 0, 0.101432, 0, 0.994843, -0.103718, 0, 6.31089e-32)

[node name="Skeleton3D" parent="rig04_0001_Group/rig04_0001_MotionSystem/rig04_0001_FKSystem/rig04_0001_FKOffsetRoot_M" index="1"]
bones/0/position = Vector3(-0.0295618, -0.00932901, -0.00777083)
bones/0/rotation = Quaternion(-1.231e-32, -0.0507814, 6.2593e-34, 0.99871)
bones/3/rotation = Quaternion(0.00432913, 0.0253578, 0.056699, 0.99806)
bones/8/rotation = Quaternion(0.000722435, 0.0253886, 0.0284344, 0.999273)

[node name="rig04_0001_InbetweenRootPart0_M" parent="rig04_0001_Group/rig04_0001_MotionSystem/rig04_0001_FKSystem/rig04_0001_FKOffsetRoot_M/rig04_0001_InbetweenRoot_M" index="0"]
transform = Transform3D(0.994843, 0, -0.101432, 0, 1, 0, 0.101432, 0, 0.994843, 0, 0, 0)

[node name="rig04_0001_InbetweenRootPart1_M" parent="rig04_0001_Group/rig04_0001_MotionSystem/rig04_0001_FKSystem/rig04_0001_FKOffsetRoot_M/rig04_0001_InbetweenRoot_M/rig04_0001_InbetweenRootPart0_M" index="0"]
transform = Transform3D(0.992284, -0.112958, 0.0511081, 0.113398, 0.993533, -0.00576593, -0.0501263, 0.011517, 0.998675, 0, 1.77636e-17, 0)

[node name="rig04_0001_InbetweenRootPart2_M" parent="rig04_0001_Group/rig04_0001_MotionSystem/rig04_0001_FKSystem/rig04_0001_FKOffsetRoot_M/rig04_0001_InbetweenRoot_M/rig04_0001_InbetweenRootPart0_M/rig04_0001_InbetweenRootPart1_M" index="0"]
transform = Transform3D(0.997094, -0.0567907, 0.0507814, 0.0568641, 0.998382, 2.32831e-10, -0.0506993, 0.00288764, 0.998709, 0, 0, 0)

[node name="rig04_0001_FKParentConstraintToWrist_L" parent="rig04_0001_Group/rig04_0001_MotionSystem/rig04_0001_FKSystem" index="4"]
transform = Transform3D(-0.352766, -0.468579, -0.809932, 0.78941, -0.613762, 0.0112593, -0.502381, -0.635397, 0.586416, 0.246672, 1.07335, 0.0987055)

[node name="rig04_0001_IKParentConstraintShoulder_R" parent="rig04_0001_Group/rig04_0001_MotionSystem/rig04_0001_IKSystem/rig04_0001_IKJoints" index="0"]
transform = Transform3D(-0.904105, -0.0562997, -0.423584, -0.416015, -0.110428, 0.902627, -0.097593, 0.992288, 0.0764166, -0.020042, 1.4579, 0.0533127)

[node name="Skeleton3D" parent="rig04_0001_Group/rig04_0001_MotionSystem/rig04_0001_IKSystem/rig04_0001_IKJoints/rig04_0001_IKParentConstraintShoulder_R/rig04_0001_IKXOffsetShoulder_R" index="0"]
bones/0/rotation = Quaternion(0.112039, 0.00502109, -0.357924, 0.926991)
bones/2/rotation = Quaternion(2.14328e-15, 4.11835e-15, 0.461615, 0.88708)
bones/4/rotation = Quaternion(0.631346, -0.0611449, -0.0336681, 0.772353)

[node name="rig04_0001_IKParentConstraintHip_R" parent="rig04_0001_Group/rig04_0001_MotionSystem/rig04_0001_IKSystem/rig04_0001_IKJoints" index="1"]
transform = Transform3D(0.0968525, -0.000240933, 0.9953, 0.958639, -0.268878, -0.0933505, 0.267636, 0.963174, -0.0258106, 0.0182438, 1.11813, -0.0264569)

[node name="Skeleton3D" parent="rig04_0001_Group/rig04_0001_MotionSystem/rig04_0001_IKSystem/rig04_0001_IKJoints/rig04_0001_IKParentConstraintHip_R/rig04_0001_IKXOffsetHip_R" index="0"]
bones/0/rotation = Quaternion(0.21196, -0.0411952, 0.264196, 0.939987)
bones/2/rotation = Quaternion(-2.63785e-16, 1.16151e-15, -0.351421, 0.936218)
bones/4/rotation = Quaternion(0.0246394, 0.0488496, 0.120294, 0.99123)

[node name="Skeleton3D" parent="rig04_0001_Group/rig04_0001_MotionSystem/rig04_0001_IKSystem/rig04_0001_IKJoints/rig04_0001_IKParentConstraintRoot_M/rig04_0001_IKXOffsetRoot_M" index="0"]
bones/0/position = Vector3(-0.0445875, 0.00465718, 0.0259991)
bones/0/rotation = Quaternion(-0.000312901, 0.00228279, 0.083978, 0.996465)
bones/6/position = Vector3(0.0518584, -1.93841e-11, 9.55549e-06)
bones/8/position = Vector3(0.0446847, 2.1247e-06, -0.000104127)
bones/12/position = Vector3(0.0446741, -1.93013e-06, 9.45906e-05)

[node name="Skeleton3D" parent="rig04_0001_Group/rig04_0001_MotionSystem/rig04_0001_IKSystem/rig04_0001_IKJoints/rig04_0001_IKParentConstraintRoot_M" index="1"]
bones/0/rotation = Quaternion(-0.000312901, 0.00228279, 0.083978, 0.996465)

[node name="rig04_0001_IKParentConstraintShoulder_L" parent="rig04_0001_Group/rig04_0001_MotionSystem/rig04_0001_IKSystem/rig04_0001_IKJoints" index="3"]
transform = Transform3D(-0.888593, -0.0648891, -0.454084, 0.446115, 0.108006, -0.888436, 0.106693, -0.99203, -0.0670254, 0.0691126, 1.45829, 0.0534437)

[node name="Skeleton3D" parent="rig04_0001_Group/rig04_0001_MotionSystem/rig04_0001_IKSystem/rig04_0001_IKJoints/rig04_0001_IKParentConstraintShoulder_L/rig04_0001_IKXOffsetShoulder_L" index="0"]
bones/0/rotation = Quaternion(0.111993, 0.0523756, -0.400229, 0.908037)
bones/2/rotation = Quaternion(2.80573e-15, 5.33394e-15, 0.568635, 0.82259)
bones/4/rotation = Quaternion(0.595747, -0.147563, -0.0653755, 0.786789)

[node name="rig04_0001_IKParentConstraintHip_L" parent="rig04_0001_Group/rig04_0001_MotionSystem/rig04_0001_IKSystem/rig04_0001_IKJoints" index="4"]
transform = Transform3D(0.0968525, -0.000240933, 0.9953, 0.958639, -0.268878, -0.0933505, 0.267636, 0.963174, -0.0258106, 0.0182438, 1.11813, -0.0264569)

[node name="Skeleton3D" parent="rig04_0001_Group/rig04_0001_MotionSystem/rig04_0001_IKSystem/rig04_0001_IKJoints/rig04_0001_IKParentConstraintHip_L/rig04_0001_IKXOffsetHip_L" index="0"]
bones/0/rotation = Quaternion(0.161991, -0.134998, 0.289219, 0.933749)
bones/2/rotation = Quaternion(-2.25694e-16, 8.87574e-16, -0.389337, 0.921095)
bones/4/rotation = Quaternion(0.0399321, 0.0547493, 0.132294, 0.988891)

[node name="rig04_0001_IKSpSpine2Offset_M" parent="rig04_0001_Group/rig04_0001_MotionSystem/rig04_0001_IKSystem/rig04_0001_IKJoints" index="5"]
transform = Transform3D(0.0968526, -0.000240928, 0.9953, 0.958639, -0.268879, -0.0933505, 0.267637, 0.963174, -0.0258107, 0.0182438, 1.11813, -0.0264569)

[node name="rig04_0001_IKSpRootPart1FollowOffset_M" parent="rig04_0001_Group/rig04_0001_MotionSystem/rig04_0001_IKSystem/rig04_0001_IKJoints/rig04_0001_IKSpSpine2Offset_M" index="1"]
transform = Transform3D(0.994843, 3.10988e-10, 0.101432, -3.81309e-10, 1, 6.739e-10, -0.101432, -7.09101e-10, 0.994843, 0.0818097, 0.009309, -0.000355353)

[node name="rig04_0001_IKSpRootPart2FollowOffset_M" parent="rig04_0001_Group/rig04_0001_MotionSystem/rig04_0001_IKSystem/rig04_0001_IKJoints/rig04_0001_IKSpSpine2Offset_M" index="2"]
transform = Transform3D(0.994843, -2.76695e-09, 0.101432, -1.48437e-13, 1, 2.72803e-08, -0.101432, -2.71396e-08, 0.994843, 0.133386, 0.00932803, -0.00564064)

[node name="rig04_0001_IKSpSpine1FollowOffset_M" parent="rig04_0001_Group/rig04_0001_MotionSystem/rig04_0001_IKSystem/rig04_0001_IKJoints/rig04_0001_IKSpSpine2Offset_M" index="3"]
transform = Transform3D(0.92882, 0.356377, 0.101432, -0.358225, 0.933635, -6.14673e-08, -0.0947003, -0.0363353, 0.994843, 0.184978, 0.00932773, -0.0108964)

[node name="rig04_0001_IKSpSpine1Part1FollowOffset_M" parent="rig04_0001_Group/rig04_0001_MotionSystem/rig04_0001_IKSystem/rig04_0001_IKJoints/rig04_0001_IKSpSpine2Offset_M" index="4"]
transform = Transform3D(0.92882, 0.356377, 0.101432, -0.358225, 0.933635, 1.49012e-08, -0.0947003, -0.0363354, 0.994843, 0.226473, -0.00667746, -0.0152126)

[node name="rig04_0001_IKSpSpine1Part2FollowOffset_M" parent="rig04_0001_Group/rig04_0001_MotionSystem/rig04_0001_IKSystem/rig04_0001_IKJoints/rig04_0001_IKSpSpine2Offset_M" index="5"]
transform = Transform3D(0.92882, 0.356377, 0.101432, -0.358225, 0.933635, 1.86265e-09, -0.0947003, -0.0363354, 0.994843, 0.267969, -0.0226828, -0.0194719)

[node name="rig04_0001_IKSpChestFollowOffset_M" parent="rig04_0001_Group/rig04_0001_MotionSystem/rig04_0001_IKSystem/rig04_0001_IKJoints/rig04_0001_IKSpSpine2Offset_M" index="6"]
transform = Transform3D(0.934662, 0.340761, 0.101432, -0.342528, 0.939507, 0, -0.095296, -0.0347432, 0.994843, 0.309468, -0.038688, -0.023703)

[node name="Skeleton3D" parent="rig04_0001_Group/rig04_0001_MotionSystem/rig04_0001_IKSystem/rig04_0001_IKJoints/rig04_0001_IKAcSpine2Offset_M" index="0"]
bones/0/position = Vector3(-0.0445875, 0.00465718, 0.0259991)
bones/0/rotation = Quaternion(-0.000312901, 0.00228279, 0.083978, 0.996465)
bones/2/position = Vector3(0.0065329, 0.0133352, 0.0257605)
bones/2/rotation = Quaternion(-0.000312919, 0.00228279, 0.0839701, 0.996466)
bones/3/position = Vector3(0.0576534, 0.0220124, 0.0255219)
bones/3/rotation = Quaternion(-0.000377773, 0.00227296, 0.0555715, 0.998452)
bones/4/position = Vector3(0.109185, 0.0277664, 0.0252843)
bones/4/rotation = Quaternion(-0.000654883, 0.00220911, -0.0678492, 0.997693)
bones/5/position = Vector3(0.153446, 0.0217182, 0.0250914)
bones/5/rotation = Quaternion(-0.000723488, 0.0021876, -0.0989388, 0.995091)
bones/6/position = Vector3(0.197245, 0.0129216, 0.0249033)
bones/6/rotation = Quaternion(-0.000723501, 0.0021876, -0.0989434, 0.99509)
bones/7/position = Vector3(0.240168, 0.00430021, 0.0247189)
bones/7/rotation = Quaternion(-0.000312901, 0.00228279, 0.083978, 0.996465)

[node name="rig04_0001_IKAcPociXformRoot_M" parent="rig04_0001_Group/rig04_0001_MotionSystem/rig04_0001_IKSystem/rig04_0001_IKJoints/rig04_0001_IKAcSpine2Offset3_M" index="0"]
transform = Transform3D(1, 0, 0, 0, 1, 0, 0, 0, 1, 0.0259991, 1.14412, -0.00951516)

[node name="rig04_0001_IKAcPociXformRootPart1_M" parent="rig04_0001_Group/rig04_0001_MotionSystem/rig04_0001_IKSystem/rig04_0001_IKJoints/rig04_0001_IKAcSpine2Offset3_M" index="1"]
transform = Transform3D(1, 0, 0, 0, 1, 0, 0, 0, 1, 0.0257605, 1.19406, 0.00442658)

[node name="rig04_0001_IKAcPociXformRootPart2_M" parent="rig04_0001_Group/rig04_0001_MotionSystem/rig04_0001_IKSystem/rig04_0001_IKJoints/rig04_0001_IKAcSpine2Offset3_M" index="2"]
transform = Transform3D(1, 0, 0, 0, 1, 0, 0, 0, 1, 0.0255219, 1.244, 0.0183675)

[node name="rig04_0001_IKAcPociXformSpine1_M" parent="rig04_0001_Group/rig04_0001_MotionSystem/rig04_0001_IKSystem/rig04_0001_IKJoints/rig04_0001_IKAcSpine2Offset3_M" index="3"]
transform = Transform3D(1, 0, 0, 0, 1, 0, 0, 0, 1, 0.0252843, 1.29466, 0.0294437)

[node name="rig04_0001_IKAcPociXformSpine1Part1_M" parent="rig04_0001_Group/rig04_0001_MotionSystem/rig04_0001_IKSystem/rig04_0001_IKJoints/rig04_0001_IKAcSpine2Offset3_M" index="4"]
transform = Transform3D(1, 0, 0, 0, 1, 0, 0, 0, 1, 0.0250914, 1.33931, 0.0280263)

[node name="rig04_0001_IKAcPociXformSpine1Part2_M" parent="rig04_0001_Group/rig04_0001_MotionSystem/rig04_0001_IKSystem/rig04_0001_IKJoints/rig04_0001_IKAcSpine2Offset3_M" index="5"]
transform = Transform3D(1, 0, 0, 0, 1, 0, 0, 0, 1, 0.0249033, 1.38378, 0.0238273)

[node name="rig04_0001_IKAcPociXformChest_M" parent="rig04_0001_Group/rig04_0001_MotionSystem/rig04_0001_IKSystem/rig04_0001_IKJoints/rig04_0001_IKAcSpine2Offset3_M" index="6"]
transform = Transform3D(1, 0, 0, 0, 1, 0, 0, 0, 1, 0.0247189, 1.42737, 0.0197117)

[node name="rig04_0001_IKAcSpine2Offset2_M" parent="rig04_0001_Group/rig04_0001_MotionSystem/rig04_0001_IKSystem/rig04_0001_IKJoints" index="8"]
transform = Transform3D(0.0968526, -0.000240928, 0.9953, 0.958639, -0.268879, -0.0933505, 0.267637, 0.963174, -0.0258107, 0.0182438, 1.11813, -0.0264569)

[node name="rig04_0001_IKAcRootPart1FollowOffset_M" parent="rig04_0001_Group/rig04_0001_MotionSystem/rig04_0001_IKSystem/rig04_0001_IKJoints/rig04_0001_IKAcSpine2Offset2_M" index="0"]
transform = Transform3D(0.994843, -6.35261e-11, 0.101432, -4.85651e-12, 1, 6.73926e-10, -0.101432, -6.70943e-10, 0.994843, 0.0818097, 0.009309, -0.000355354)

[node name="rig04_0001_IKAcRootPart2FollowOffset_M" parent="rig04_0001_Group/rig04_0001_MotionSystem/rig04_0001_IKSystem/rig04_0001_IKJoints/rig04_0001_IKAcSpine2Offset2_M" index="1"]
transform = Transform3D(0.994843, -1.54282e-10, 0.101432, -1.4954e-13, 1, 1.52251e-09, -0.101432, -1.51467e-09, 0.994843, 0.133386, 0.00932803, -0.00564064)

[node name="rig04_0001_IKAcSpine1FollowOffset_M" parent="rig04_0001_Group/rig04_0001_MotionSystem/rig04_0001_IKSystem/rig04_0001_IKJoints/rig04_0001_IKAcSpine2Offset2_M" index="2"]
transform = Transform3D(0.92882, 0.356377, 0.101432, -0.358225, 0.933635, -2.98023e-08, -0.0947003, -0.0363354, 0.994843, 0.184978, 0.00932773, -0.0108964)

[node name="rig04_0001_IKAcSpine1Part1FollowOffset_M" parent="rig04_0001_Group/rig04_0001_MotionSystem/rig04_0001_IKSystem/rig04_0001_IKJoints/rig04_0001_IKAcSpine2Offset2_M" index="3"]
transform = Transform3D(0.92882, 0.356377, 0.101432, -0.358225, 0.933635, -1.11759e-08, -0.0947003, -0.0363354, 0.994843, 0.226473, -0.00667746, -0.0152126)

[node name="rig04_0001_IKAcSpine1Part2FollowOffset_M" parent="rig04_0001_Group/rig04_0001_MotionSystem/rig04_0001_IKSystem/rig04_0001_IKJoints/rig04_0001_IKAcSpine2Offset2_M" index="4"]
transform = Transform3D(0.92882, 0.356377, 0.101432, -0.358225, 0.933635, 1.86265e-09, -0.0947003, -0.0363354, 0.994843, 0.267969, -0.0226828, -0.0194719)

[node name="rig04_0001_IKAcChestFollowOffset_M" parent="rig04_0001_Group/rig04_0001_MotionSystem/rig04_0001_IKSystem/rig04_0001_IKJoints/rig04_0001_IKAcSpine2Offset2_M" index="5"]
transform = Transform3D(0.934662, 0.340761, 0.101432, -0.342528, 0.939507, 1.86265e-09, -0.095296, -0.0347432, 0.994843, 0.309472, -0.038688, -0.0236185)

[node name="rig04_0001_IKcvOffsetSpine21_M" parent="rig04_0001_Group/rig04_0001_MotionSystem/rig04_0001_IKSystem/rig04_0001_IKHandle/rig04_0001_IKHandleFollowMain" index="2"]
transform = Transform3D(0.999989, -0.00455215, -0.000716962, 0.00436795, 0.985886, -0.167365, 0.00146871, 0.16736, 0.985895, 0.0257605, 1.19406, 0.00442658)

[node name="rig04_0001_IKcvOffsetSpine22_M" parent="rig04_0001_Group/rig04_0001_MotionSystem/rig04_0001_IKSystem/rig04_0001_IKHandle/rig04_0001_IKHandleFollowMain" index="3"]
transform = Transform3D(0.999989, -0.00455215, -0.000716962, 0.00436795, 0.985886, -0.167365, 0.00146871, 0.16736, 0.985895, 0.0255219, 1.244, 0.0183683)

[node name="rig04_0001_IKcvOffsetSpine23_M" parent="rig04_0001_Group/rig04_0001_MotionSystem/rig04_0001_IKSystem/rig04_0001_IKHandle/rig04_0001_IKHandleFollowMain" index="4"]
transform = Transform3D(0.999989, -0.00455215, -0.000716962, 0.00436795, 0.985886, -0.167365, 0.00146871, 0.16736, 0.985895, 0.0252832, 1.29394, 0.03231)

[node name="rig04_0001_IKcvOffsetSpine24_M" parent="rig04_0001_Group/rig04_0001_MotionSystem/rig04_0001_IKSystem/rig04_0001_IKHandle/rig04_0001_IKHandleFollowMain" index="5"]
transform = Transform3D(0.999989, -0.00455215, -0.000716962, 0.00436795, 0.985886, -0.167365, 0.00146871, 0.16736, 0.985895, 0.0250951, 1.33842, 0.0281106)

[node name="rig04_0001_IKcvOffsetSpine25_M" parent="rig04_0001_Group/rig04_0001_MotionSystem/rig04_0001_IKSystem/rig04_0001_IKHandle/rig04_0001_IKHandleFollowMain" index="6"]
transform = Transform3D(0.999989, -0.00455215, -0.000716962, 0.00436795, 0.985886, -0.167365, 0.00146871, 0.16736, 0.985895, 0.024907, 1.38289, 0.0239112)

[node name="rig04_0001_IKOffsetSpine22_M" parent="rig04_0001_Group/rig04_0001_MotionSystem/rig04_0001_IKSystem/rig04_0001_IKHandle/rig04_0001_IKHandleFollowMain" index="7"]
transform = Transform3D(0.999989, -0.00455215, -0.000716962, 0.00436795, 0.985886, -0.167365, 0.00146871, 0.16736, 0.985895, 0.025335, 1.28354, 0.0279789)

[node name="rig04_0001_IKOffsetConstrainedSpine21_M" parent="rig04_0001_Group/rig04_0001_MotionSystem/rig04_0001_IKSystem/rig04_0001_IKHandle/rig04_0001_IKHandleFollowMain" index="8"]
transform = Transform3D(0.999989, -0.00455215, -0.000716962, 0.00436795, 0.985886, -0.167365, 0.00146871, 0.16736, 0.985895, 0.0259991, 1.14412, -0.00951516)

[node name="rig04_0001_IKFollowEndSpine21_M" parent="rig04_0001_Group/rig04_0001_MotionSystem/rig04_0001_IKSystem/rig04_0001_IKHandle/rig04_0001_IKHandleFollowMain/rig04_0001_IKFollowEndSpine2_M" index="0"]
transform = Transform3D(0.999989, -0.00455215, -0.000716962, 0.00436795, 0.985886, -0.167365, 0.00146871, 0.16736, 0.985895, 0.0259991, 1.14412, -0.00951516)

[node name="rig04_0001_IKFollowEndSpine23_M" parent="rig04_0001_Group/rig04_0001_MotionSystem/rig04_0001_IKSystem/rig04_0001_IKHandle/rig04_0001_IKHandleFollowMain/rig04_0001_IKFollowEndSpine2_M" index="1"]
transform = Transform3D(0.999989, -0.00455215, -0.000716962, 0.00436795, 0.985886, -0.167365, 0.00146871, 0.16736, 0.985895, 0.0247189, 1.42737, 0.0197117)

[node name="rig04_0001_IKLeg_R" parent="rig04_0001_Group/rig04_0001_MotionSystem/rig04_0001_IKSystem/rig04_0001_IKHandle/rig04_0001_IKHandleFollowMain/rig04_0001_IKOffsetLeg_R/rig04_0001_IKExtraLeg_R" index="0"]
transform = Transform3D(1, 0, 0, 0, 1, 0, 0, 0, 1, 0, 0, 0)

[node name="rig04_0001_PoleOffsetLeg_R" parent="rig04_0001_Group/rig04_0001_MotionSystem/rig04_0001_IKSystem/rig04_0001_IKHandle/rig04_0001_IKHandleFollowMain" index="11"]
transform = Transform3D(0.961761, 0.0778836, -0.262579, -0.0626624, 0.995858, 0.065865, 0.266622, -0.0468925, 0.96266, -0.144368, 0.758997, 0.919675)

[node name="rig04_0001_PoleAimLeg_R" parent="rig04_0001_Group/rig04_0001_MotionSystem/rig04_0001_IKSystem/rig04_0001_IKHandle/rig04_0001_IKHandleFollowMain" index="12"]
transform = Transform3D(-0.181069, -0.246761, -0.95201, -0.983402, 0.0567943, 0.172319, 0.0115473, 0.967411, -0.252949, 0.0182438, 1.11813, -0.0264569)

[node name="rig04_0001_IKLeg_L" parent="rig04_0001_Group/rig04_0001_MotionSystem/rig04_0001_IKSystem/rig04_0001_IKHandle/rig04_0001_IKHandleFollowMain/rig04_0001_IKOffsetLeg_L/rig04_0001_IKExtraLeg_L" index="0"]
transform = Transform3D(1, 0, 0, 0, 1, 0, 0, 0, 1, 0, 0, 0)

[node name="rig04_0001_PoleOffsetLeg_L" parent="rig04_0001_Group/rig04_0001_MotionSystem/rig04_0001_IKSystem/rig04_0001_IKHandle/rig04_0001_IKHandleFollowMain" index="16"]
transform = Transform3D(0.954541, -0.0773185, 0.287875, 0.0595545, 0.995769, 0.0699752, -0.292068, -0.04965, 0.955107, 0.205325, 0.76303, 0.91682)

[node name="rig04_0001_PoleAimLeg_L" parent="rig04_0001_Group/rig04_0001_MotionSystem/rig04_0001_IKSystem/rig04_0001_IKHandle/rig04_0001_IKHandleFollowMain" index="17"]
transform = Transform3D(-0.179516, -0.27217, -0.945356, 0.983687, -0.0609438, -0.169249, -0.0115491, -0.960318, 0.27867, 0.0182438, 1.11813, -0.0264569)

[node name="rig04_0001_IKOffsetArm_RFollowNoScaleOffset" parent="rig04_0001_Group/rig04_0001_MotionSystem/rig04_0001_IKSystem/rig04_0001_IKFollow" index="0"]
transform = Transform3D(-0.904105, -0.0563009, -0.423585, -0.416016, -0.110428, 0.902628, -0.0975942, 0.992288, 0.076416, -0.020042, 1.4579, 0.0533127)

[node name="rig04_0001_IKOffsetArm_RFollow" parent="rig04_0001_Group/rig04_0001_MotionSystem/rig04_0001_IKSystem/rig04_0001_IKFollow/rig04_0001_IKOffsetArm_RFollowOffset" index="0"]
transform = Transform3D(0.978777, -0.0629613, 0.195016, 0.0821011, 0.9924, -0.091664, -0.187762, 0.10573, 0.976507, 0.050055, -0.0921727, 0.0910956)

[node name="rig04_0001_IKhybridFollowSpine21_MFollowNoScaleOffset" parent="rig04_0001_Group/rig04_0001_MotionSystem/rig04_0001_IKSystem/rig04_0001_IKFollow" index="4"]
transform = Transform3D(0.999989, -0.00455215, -0.000716962, 0.00436795, 0.985886, -0.167365, 0.00146871, 0.16736, 0.985895, 0.0259991, 1.14412, -0.00951516)

[node name="rig04_0001_IKhybridFollowSpine21_MFollow" parent="rig04_0001_Group/rig04_0001_MotionSystem/rig04_0001_IKSystem/rig04_0001_IKFollow/rig04_0001_IKhybridFollowSpine21_MFollowOffset" index="0"]
transform = Transform3D(0.985884, -0.167364, 0.00449689, 0.167361, 0.985895, 0.001007, -0.004602, -0.000240181, 0.999989, -0.0445875, 0.00465718, 0.0259991)

[node name="rig04_0001_PoleOffsetLeg_RFollowNoScaleOffset" parent="rig04_0001_Group/rig04_0001_MotionSystem/rig04_0001_IKSystem/rig04_0001_IKFollow" index="6"]
transform = Transform3D(-0.181069, -0.246761, -0.95201, -0.983402, 0.0567943, 0.172319, 0.0115473, 0.967411, -0.252949, 0.0182438, 1.11813, -0.0264569)

[node name="rig04_0001_PoleOffsetLeg_RFollow" parent="rig04_0001_Group/rig04_0001_MotionSystem/rig04_0001_IKSystem/rig04_0001_IKFollow/rig04_0001_PoleOffsetLeg_RFollowOffset" index="0"]
transform = Transform3D(0.961761, 0.0778836, -0.262579, -0.0626624, 0.995858, 0.065865, 0.266622, -0.0468925, 0.96266, -0.26244, -0.0150582, -0.000748992)

[node name="rig04_0001_IKOffsetArm_LFollowNoScaleOffset" parent="rig04_0001_Group/rig04_0001_MotionSystem/rig04_0001_IKSystem/rig04_0001_IKFollow" index="8"]
transform = Transform3D(-0.888593, -0.0648909, -0.454084, 0.446116, 0.108006, -0.888434, 0.106695, -0.99203, -0.0670245, 0.0691126, 1.45829, 0.0534437)

[node name="rig04_0001_IKOffsetArm_LFollow" parent="rig04_0001_Group/rig04_0001_MotionSystem/rig04_0001_IKSystem/rig04_0001_IKFollow/rig04_0001_IKOffsetArm_LFollowOffset" index="0"]
transform = Transform3D(0.977779, 0.0970133, -0.185845, -0.113643, 0.990214, -0.081004, 0.176168, 0.100324, 0.979234, -0.0141823, -0.0981451, 0.0906411)

[node name="rig04_0001_PoleOffsetLeg_LFollowNoScaleOffset" parent="rig04_0001_Group/rig04_0001_MotionSystem/rig04_0001_IKSystem/rig04_0001_IKFollow" index="12"]
transform = Transform3D(-0.179516, -0.27217, -0.945356, 0.983687, -0.0609438, -0.169249, -0.0115491, -0.960318, 0.27867, 0.0182438, 1.11813, -0.0264569)

[node name="rig04_0001_PoleOffsetLeg_LFollow" parent="rig04_0001_Group/rig04_0001_MotionSystem/rig04_0001_IKSystem/rig04_0001_IKFollow/rig04_0001_PoleOffsetLeg_LFollowOffset" index="0"]
transform = Transform3D(0.954541, -0.0773185, 0.287875, 0.0595545, 0.995769, 0.0699752, -0.292068, -0.04965, 0.955107, 0.323397, -0.0110248, -0.00360419)

[node name="rig04_0001_IKmessureLoc1Arm_R" parent="rig04_0001_Group/rig04_0001_MotionSystem/rig04_0001_IKSystem/rig04_0001_IKMessure" index="0"]
transform = Transform3D(1, 0, 0, 0, 1, 0, 0, 0, 1, -0.070001, 1.43497, 0.0478967)

[node name="rig04_0001_IKmessureLoc2Arm_R" parent="rig04_0001_Group/rig04_0001_MotionSystem/rig04_0001_IKSystem/rig04_0001_IKMessure/rig04_0001_IKmessureLoc1Arm_R" index="0"]
transform = Transform3D(1, 0, 0, 0, 1, 0, 0, 0, 1, -0.197297, -0.27588, -0.0984325)

[node name="rig04_0001_IKmessureLoc1Leg_R" parent="rig04_0001_Group/rig04_0001_MotionSystem/rig04_0001_IKSystem/rig04_0001_IKMessure" index="2"]
transform = Transform3D(1, 0, 0, 0, 1, 0, 0, 0, 1, -0.0635417, 1.09354, -0.0392735)

[node name="rig04_0001_IKmessureLoc2Leg_R" parent="rig04_0001_Group/rig04_0001_MotionSystem/rig04_0001_IKSystem/rig04_0001_IKMessure/rig04_0001_IKmessureLoc1Leg_R" index="0"]
transform = Transform3D(1, 0, 0, 0, 1, 0, 0, 0, 1, -0.0879238, -0.897379, 0.0236409)

[node name="rig04_0001_IKmessureLoc1Arm_L" parent="rig04_0001_Group/rig04_0001_MotionSystem/rig04_0001_IKSystem/rig04_0001_IKMessure" index="4"]
transform = Transform3D(1, 0, 0, 0, 1, 0, 0, 0, 1, 0.11822, 1.43371, 0.047529)

[node name="rig04_0001_IKmessureLoc2Arm_L" parent="rig04_0001_Group/rig04_0001_MotionSystem/rig04_0001_IKSystem/rig04_0001_IKMessure/rig04_0001_IKmessureLoc1Arm_L" index="0"]
transform = Transform3D(1, 0, 0, 0, 1, 0, 0, 0, 1, 0.149077, -0.274618, -0.0980648)

[node name="rig04_0001_IKmessureLoc1Leg_L" parent="rig04_0001_Group/rig04_0001_MotionSystem/rig04_0001_IKSystem/rig04_0001_IKMessure" index="6"]
transform = Transform3D(1, 0, 0, 0, 1, 0, 0, 0, 1, 0.093321, 1.07887, -0.0433319)

[node name="rig04_0001_IKmessureLoc2Leg_L" parent="rig04_0001_Group/rig04_0001_MotionSystem/rig04_0001_IKSystem/rig04_0001_IKMessure/rig04_0001_IKmessureLoc1Leg_L" index="0"]
transform = Transform3D(1, 0, 0, 0, 1, 0, 0, 0, 1, 0.0931755, -0.8827, 0.0276993)

[node name="rig04_0001_FKIKParentConstraintArm_R" parent="rig04_0001_Group/rig04_0001_MotionSystem/rig04_0001_FKIKSystem" index="0"]
transform = Transform3D(-0.904105, -0.0563009, -0.423585, -0.416016, -0.110428, 0.902628, -0.0975942, 0.992288, 0.076416, -0.020042, 1.4579, 0.0533127)

[node name="rig04_0001_FKIKArm_R" parent="rig04_0001_Group/rig04_0001_MotionSystem/rig04_0001_FKIKSystem/rig04_0001_FKIKParentConstraintArm_R" index="0"]
transform = Transform3D(-0.900749, -0.366249, -0.233482, -0.250486, -0.00112951, 0.96812, -0.354836, 0.930516, -0.0907227, 0.186243, 0.0697103, -0.00481354)

[node name="rig04_0001_FKIKParentConstraintLeg_R" parent="rig04_0001_Group/rig04_0001_MotionSystem/rig04_0001_FKIKSystem" index="1"]
transform = Transform3D(0.0968526, -0.000240928, 0.9953, 0.958639, -0.268879, -0.0933505, 0.267637, 0.963174, -0.0258107, 0.0182438, 1.11813, -0.0264569)

[node name="rig04_0001_FKIKLeg_R" parent="rig04_0001_Group/rig04_0001_MotionSystem/rig04_0001_FKIKSystem/rig04_0001_FKIKParentConstraintLeg_R" index="0"]
transform = Transform3D(1.30661e-07, 0.994589, 0.103885, -9.08196e-09, -0.103885, 0.994589, 1, -1.30898e-07, -4.54098e-09, -0.13184, 0.0415525, -0.20934)

[node name="rig04_0001_FKIKParentConstraintSpine2_M" parent="rig04_0001_Group/rig04_0001_MotionSystem/rig04_0001_FKIKSystem" index="2"]
transform = Transform3D(0.0968526, -0.000240928, 0.9953, 0.958639, -0.268879, -0.0933505, 0.267637, 0.963174, -0.0258107, 0.0182438, 1.11813, -0.0264569)

[node name="rig04_0001_FKIKSpine2_M" parent="rig04_0001_Group/rig04_0001_MotionSystem/rig04_0001_FKIKSystem/rig04_0001_FKIKParentConstraintSpine2_M" index="0"]
transform = Transform3D(1.30661e-07, 0.994589, 0.103885, -9.08196e-09, -0.103885, 0.994589, 1, -1.30898e-07, -4.54098e-09, 0.105838, 0, 0.238104)

[node name="rig04_0001_FKIKParentConstraintArm_L" parent="rig04_0001_Group/rig04_0001_MotionSystem/rig04_0001_FKIKSystem" index="3"]
transform = Transform3D(-0.888593, -0.0648909, -0.454084, 0.446116, 0.108006, -0.888434, 0.106695, -0.99203, -0.0670245, 0.0691126, 1.45829, 0.0534437)

[node name="rig04_0001_FKIKArm_L" parent="rig04_0001_Group/rig04_0001_MotionSystem/rig04_0001_FKIKSystem/rig04_0001_FKIKParentConstraintArm_L" index="0"]
transform = Transform3D(-0.900749, 0.366249, 0.233482, -0.250486, 0.00112952, -0.96812, -0.354836, -0.930516, 0.0907227, -0.186243, -0.0697103, 0.00481354)

[node name="rig04_0001_FKIKParentConstraintLeg_L" parent="rig04_0001_Group/rig04_0001_MotionSystem/rig04_0001_FKIKSystem" index="4"]
transform = Transform3D(0.0968526, -0.000240928, 0.9953, 0.958639, -0.268879, -0.0933505, 0.267637, 0.963174, -0.0258107, 0.0182438, 1.11813, -0.0264569)

[node name="rig04_0001_FKIKLeg_L" parent="rig04_0001_Group/rig04_0001_MotionSystem/rig04_0001_FKIKSystem/rig04_0001_FKIKParentConstraintLeg_L" index="0"]
transform = Transform3D(1.30661e-07, 0.994589, 0.103885, -9.08196e-09, -0.103885, 0.994589, 1, -1.30898e-07, -4.54098e-09, -0.13184, 0.0415525, 0.20934)

[node name="rig04_0001_AimFollowEye" parent="rig04_0001_Group/rig04_0001_MotionSystem/rig04_0001_AimSystem/rig04_0001_AimEye/rig04_0001_AimOffsetEye" index="0"]
transform = Transform3D(0.999898, 0.010768, -0.00938081, -0.0112302, 0.99865, -0.0507014, 0.0088222, 0.0508015, 0.998669, 0.0217195, -0.0832365, 0.133581)

