[gd_scene load_steps=10 format=3 uid="uid://cyenil8j5opgr"]

[ext_resource type="PackedScene" uid="uid://dmf3r5teqxkxs" path="res://assets/player_character/protag_anim01/pc_rig0.fbx" id="1_bqmxt"]
[ext_resource type="Script" uid="uid://c66nvjg5ps52s" path="res://scenes/valerie.gd" id="2_4patd"]
[ext_resource type="Animation" uid="uid://tqrs6avdpyhf" path="res://assets/player_character/protag_anim01/res/idle.res" id="2_7jr5i"]
[ext_resource type="Animation" uid="uid://cy7rnm33upd3t" path="res://assets/player_character/protag_anim_test00/slow_skate.res" id="3_7jr5i"]

[sub_resource type="AnimationLibrary" id="AnimationLibrary_4patd"]
_data = {
&"idle": ExtResource("2_7jr5i"),
&"slow_skate": ExtResource("3_7jr5i")
}

[sub_resource type="AnimationNodeAnimation" id="AnimationNodeAnimation_4patd"]
animation = &"valerie_anim02/SKATECYCLE"

[sub_resource type="AnimationNodeAnimation" id="AnimationNodeAnimation_7jr5i"]
animation = &"valerie_anim02/IDLE"

[sub_resource type="AnimationNodeTransition" id="AnimationNodeTransition_7jr5i"]
xfade_time = 0.25
input_0/name = "idle"
input_0/auto_advance = false
input_0/break_loop_at_end = false
input_0/reset = true
input_1/name = "skate"
input_1/auto_advance = false
input_1/break_loop_at_end = false
input_1/reset = true

[sub_resource type="AnimationNodeBlendTree" id="AnimationNodeBlendTree_4patd"]
nodes/Animation/node = SubResource("AnimationNodeAnimation_4patd")
nodes/Animation/position = Vector2(-280, 180)
nodes/idle/node = SubResource("AnimationNodeAnimation_7jr5i")
nodes/idle/position = Vector2(-240, -20)
nodes/output/position = Vector2(420, 100)
nodes/state_anim/node = SubResource("AnimationNodeTransition_7jr5i")
nodes/state_anim/position = Vector2(100, 40)
node_connections = [&"output", 0, &"state_anim", &"state_anim", 0, &"idle", &"state_anim", 1, &"Animation"]

[node name="pc_rig0" instance=ExtResource("1_bqmxt")]
script = ExtResource("2_4patd")

[node name="rig04_0001_FitSkeleton" parent="rig04_0001_Group" index="0"]
visible = false

[node name="rig04_0001_MotionSystem" parent="rig04_0001_Group" index="1"]
visible = false

[node name="rig04_0001_FKParentConstraintToChest_M" parent="rig04_0001_Group/rig04_0001_MotionSystem/rig04_0001_FKSystem" index="0"]
transform = Transform3D(-0.0045423, -0.000776709, 0.999989, 0.988002, -0.154373, 0.00436795, 0.154368, 0.988013, 0.0014686, 0.0426227, 1.37529, 0.0548108)

[node name="rig04_0001_FKScapula_R" parent="rig04_0001_Group/rig04_0001_MotionSystem/rig04_0001_FKSystem/rig04_0001_FKParentConstraintToChest_M/rig04_0001_FKOffsetScapula_R/rig04_0001_FKExtraScapula_R" index="0"]
transform = Transform3D(0.970348, -0.228877, 0.0777179, 0.233183, 0.971059, -0.0516712, -0.0636424, 0.0682615, 0.995635, 0, 0, 0)

[node name="Skeleton3D" parent="rig04_0001_Group/rig04_0001_MotionSystem/rig04_0001_FKSystem/rig04_0001_FKParentConstraintToChest_M/rig04_0001_FKOffsetScapula_R/rig04_0001_FKExtraScapula_R/rig04_0001_FKScapula_R" index="0"]
bones/3/rotation = Quaternion(-1.57376e-05, 0.000588558, -0.000822864, 1)
bones/8/rotation = Quaternion(0.0105427, -0.0791127, 0.102893, 0.991485)
bones/12/rotation = Quaternion(0.0351312, 0.11038, 0.12733, 0.985073)

[node name="rig04_0001_FKScapula_L" parent="rig04_0001_Group/rig04_0001_MotionSystem/rig04_0001_FKSystem/rig04_0001_FKParentConstraintToChest_M/rig04_0001_FKOffsetScapula_L/rig04_0001_FKExtraScapula_L" index="0"]
transform = Transform3D(0.968333, -0.224425, 0.109374, 0.230612, 0.971886, -0.0474886, -0.0956413, 0.0712077, 0.992866, 0, 0, 0)

[node name="Skeleton3D" parent="rig04_0001_Group/rig04_0001_MotionSystem/rig04_0001_FKSystem/rig04_0001_FKParentConstraintToChest_M/rig04_0001_FKOffsetScapula_L/rig04_0001_FKExtraScapula_L/rig04_0001_FKScapula_L" index="0"]
bones/3/rotation = Quaternion(-1.57376e-05, 0.000588558, -0.000822864, 1)
bones/8/rotation = Quaternion(0.0125956, -0.059425, 0.10803, 0.99229)
bones/12/rotation = Quaternion(0.0351312, 0.11038, 0.12733, 0.985073)

[node name="rig04_0001_FKParentConstraintToWrist_R" parent="rig04_0001_Group/rig04_0001_MotionSystem/rig04_0001_FKSystem" index="1"]
transform = Transform3D(-0.348904, -0.476987, -0.80669, -0.797429, 0.603297, -0.0118245, 0.492314, 0.639153, -0.590856, -0.199782, 1.05414, 0.05433)

[node name="rig04_0001_FKParentConstraintToRoot_M" parent="rig04_0001_Group/rig04_0001_MotionSystem/rig04_0001_FKSystem" index="2"]
transform = Transform3D(-0.00778701, 3.60179e-05, 0.99997, 0.944751, -0.327706, 0.00736881, 0.327697, 0.944779, 0.00251782, 0.0441869, 1.1014, -0.0281743)

[node name="rig04_0001_FKOffsetRoot_M" parent="rig04_0001_Group/rig04_0001_MotionSystem/rig04_0001_FKSystem" index="3"]
transform = Transform3D(-0.00460816, 4.40052e-05, 0.99999, 0.944756, -0.327743, 0.00436807, 0.327739, 0.944766, 0.00146872, 0.0438037, 1.12655, -0.00951516)

[node name="rig04_0001_HipSwinger_M" parent="rig04_0001_Group/rig04_0001_MotionSystem/rig04_0001_FKSystem/rig04_0001_FKOffsetRoot_M/rig04_0001_FKExtraRoot_M/rig04_0001_FKRoot_M/rig04_0001_HipSwingerOffset_M" index="0"]
transform = Transform3D(0.999995, 0, 0.00316096, 0, 1, 0, -0.00316096, 0, 0.999995, 0, 0, 1.26218e-31)

[node name="rig04_0001_HipSwingReversePart1" parent="rig04_0001_Group/rig04_0001_MotionSystem/rig04_0001_FKSystem/rig04_0001_FKOffsetRoot_M/rig04_0001_FKExtraRoot_M/rig04_0001_FKRoot_M/rig04_0001_HipSwingReverse" index="0"]
transform = Transform3D(0.999998, 0, 0.00158048, 0, 1, 0, -0.00158048, 0, 0.999998, -0.0518589, 0, 0)

[node name="rig04_0001_HipSwingReversePart2" parent="rig04_0001_Group/rig04_0001_MotionSystem/rig04_0001_FKSystem/rig04_0001_FKOffsetRoot_M/rig04_0001_FKExtraRoot_M/rig04_0001_FKRoot_M/rig04_0001_HipSwingReverse/rig04_0001_HipSwingReversePart1" index="0"]
transform = Transform3D(0.999998, 0, 0.00158048, 0, 1, 0, -0.00158048, 0, 0.999998, -0.0518589, 0, 0)

[node name="rig04_0001_HipSwingReverseXPart1" parent="rig04_0001_Group/rig04_0001_MotionSystem/rig04_0001_FKSystem/rig04_0001_FKOffsetRoot_M/rig04_0001_FKExtraRoot_M/rig04_0001_FKRoot_M/rig04_0001_HipSwingReverse" index="1"]
transform = Transform3D(0.999998, 0, 0.00158048, 0, 1, 0, -0.00158048, 0, 0.999998, -0.0518589, 0, 0)

[node name="rig04_0001_HipSwingReverseXPart2" parent="rig04_0001_Group/rig04_0001_MotionSystem/rig04_0001_FKSystem/rig04_0001_FKOffsetRoot_M/rig04_0001_FKExtraRoot_M/rig04_0001_FKRoot_M/rig04_0001_HipSwingReverse" index="2"]
transform = Transform3D(0.999995, 0, 0.00316096, 0, 1, 0, -0.00316096, 0, 0.999995, -0.103718, 0, 6.31089e-32)

[node name="Skeleton3D" parent="rig04_0001_Group/rig04_0001_MotionSystem/rig04_0001_FKSystem/rig04_0001_FKOffsetRoot_M" index="1"]
bones/0/position = Vector3(-0.0298666, -0.00938155, 0.00025106)
bones/0/rotation = Quaternion(-1.23259e-32, 0.00158048, -1.94809e-35, 0.999999)
bones/3/rotation = Quaternion(-0.000137686, -0.000806277, 0.0568569, 0.998382)
bones/8/rotation = Quaternion(-2.24773e-05, -0.000789922, 0.0284436, 0.999595)

[node name="rig04_0001_InbetweenRootPart0_M" parent="rig04_0001_Group/rig04_0001_MotionSystem/rig04_0001_FKSystem/rig04_0001_FKOffsetRoot_M/rig04_0001_InbetweenRoot_M" index="0"]
transform = Transform3D(0.999995, 0, 0.00316096, 0, 1, 0, -0.00316096, 0, 0.999995, 0, 0, 0)

[node name="rig04_0001_InbetweenRootPart1_M" parent="rig04_0001_Group/rig04_0001_MotionSystem/rig04_0001_FKSystem/rig04_0001_FKOffsetRoot_M/rig04_0001_InbetweenRoot_M/rig04_0001_InbetweenRootPart0_M" index="0"]
transform = Transform3D(0.993532, -0.11353, -0.00162561, 0.11353, 0.993535, 0.000183242, 0.00159429, -0.000366612, 0.999999, 0, 1.77636e-17, 0)

[node name="rig04_0001_InbetweenRootPart2_M" parent="rig04_0001_Group/rig04_0001_MotionSystem/rig04_0001_FKSystem/rig04_0001_FKOffsetRoot_M/rig04_0001_InbetweenRoot_M/rig04_0001_InbetweenRootPart0_M/rig04_0001_InbetweenRootPart1_M" index="0"]
transform = Transform3D(0.99838, -0.056864, -0.00158048, 0.0568641, 0.998382, -1.09139e-11, 0.00157792, -8.98727e-05, 0.999998, 0, 0, 0)

[node name="rig04_0001_FKParentConstraintToWrist_L" parent="rig04_0001_Group/rig04_0001_MotionSystem/rig04_0001_FKSystem" index="4"]
transform = Transform3D(-0.311498, -0.521198, -0.794558, 0.822295, -0.566904, 0.0494935, -0.476233, -0.637944, 0.605169, 0.26984, 1.04801, 0.0503975)

[node name="rig04_0001_IKParentConstraintShoulder_R" parent="rig04_0001_Group/rig04_0001_MotionSystem/rig04_0001_IKSystem/rig04_0001_IKJoints" index="0"]
transform = Transform3D(-0.907951, -0.0616286, -0.414518, -0.387935, -0.250554, 0.886977, -0.158522, 0.966139, 0.203583, -0.00224635, 1.43591, 0.0725247)

[node name="Skeleton3D" parent="rig04_0001_Group/rig04_0001_MotionSystem/rig04_0001_IKSystem/rig04_0001_IKJoints/rig04_0001_IKParentConstraintShoulder_R/rig04_0001_IKXOffsetShoulder_R" index="0"]
bones/0/rotation = Quaternion(0.152047, -0.0264017, -0.34119, 0.92724)
bones/2/rotation = Quaternion(2.16258e-15, 4.13542e-15, 0.463401, 0.886149)
bones/4/rotation = Quaternion(0.641435, -0.0234245, -0.016739, 0.766637)

[node name="rig04_0001_IKParentConstraintHip_R" parent="rig04_0001_Group/rig04_0001_MotionSystem/rig04_0001_IKSystem/rig04_0001_IKJoints" index="1"]
transform = Transform3D(-0.00778698, 3.60082e-05, 0.99997, 0.944751, -0.327706, 0.00736878, 0.327697, 0.944779, 0.00251782, 0.0441869, 1.1014, -0.0281743)

[node name="Skeleton3D" parent="rig04_0001_Group/rig04_0001_MotionSystem/rig04_0001_IKSystem/rig04_0001_IKJoints/rig04_0001_IKParentConstraintHip_R/rig04_0001_IKXOffsetHip_R" index="0"]
bones/0/rotation = Quaternion(0.170658, -0.0883656, 0.337181, 0.921616)
bones/2/rotation = Quaternion(-4.25442e-16, 1.41005e-15, -0.415846, 0.909435)
bones/4/rotation = Quaternion(0.0236011, 0.0436409, 0.14627, 0.988)

[node name="Skeleton3D" parent="rig04_0001_Group/rig04_0001_MotionSystem/rig04_0001_IKSystem/rig04_0001_IKJoints/rig04_0001_IKParentConstraintRoot_M/rig04_0001_IKXOffsetRoot_M" index="0"]
bones/0/position = Vector3(-0.0620567, 0.00648184, 0.0438037)
bones/0/rotation = Quaternion(-0.000242355, 0.00229136, 0.114667, 0.993401)
bones/6/position = Vector3(0.0518584, -1.93841e-11, 9.5555e-06)
bones/8/position = Vector3(0.0446847, 2.1247e-06, -0.000104127)
bones/12/position = Vector3(0.0446741, -1.93013e-06, 9.45906e-05)

[node name="Skeleton3D" parent="rig04_0001_Group/rig04_0001_MotionSystem/rig04_0001_IKSystem/rig04_0001_IKJoints/rig04_0001_IKParentConstraintRoot_M" index="1"]
bones/0/rotation = Quaternion(-0.000242355, 0.00229136, 0.114667, 0.993401)

[node name="rig04_0001_IKParentConstraintShoulder_L" parent="rig04_0001_Group/rig04_0001_MotionSystem/rig04_0001_IKSystem/rig04_0001_IKJoints" index="3"]
transform = Transform3D(-0.898091, -0.0662328, -0.434794, 0.407126, 0.248777, -0.87884, 0.166374, -0.966294, -0.196459, 0.0869083, 1.4363, 0.0726556)

[node name="Skeleton3D" parent="rig04_0001_Group/rig04_0001_MotionSystem/rig04_0001_IKSystem/rig04_0001_IKJoints/rig04_0001_IKParentConstraintShoulder_L/rig04_0001_IKXOffsetShoulder_L" index="0"]
bones/0/rotation = Quaternion(0.139582, 0.0778096, -0.398849, 0.902985)
bones/2/rotation = Quaternion(3.73287e-15, 5.89035e-15, 0.633091, 0.774077)
bones/4/rotation = Quaternion(0.580518, -0.169936, -0.06105, 0.793973)

[node name="rig04_0001_IKParentConstraintHip_L" parent="rig04_0001_Group/rig04_0001_MotionSystem/rig04_0001_IKSystem/rig04_0001_IKJoints" index="4"]
transform = Transform3D(-0.00778698, 3.60082e-05, 0.99997, 0.944751, -0.327706, 0.00736878, 0.327697, 0.944779, 0.00251782, 0.0441869, 1.1014, -0.0281743)

[node name="Skeleton3D" parent="rig04_0001_Group/rig04_0001_MotionSystem/rig04_0001_IKSystem/rig04_0001_IKJoints/rig04_0001_IKParentConstraintHip_L/rig04_0001_IKXOffsetHip_L" index="0"]
bones/0/rotation = Quaternion(0.187144, -0.0768877, 0.33681, 0.919578)
bones/2/rotation = Quaternion(-2.71956e-16, 9.55283e-16, -0.415327, 0.909672)
bones/4/rotation = Quaternion(0.0440481, 0.0395126, 0.146044, 0.987507)

[node name="rig04_0001_IKSpSpine2Offset_M" parent="rig04_0001_Group/rig04_0001_MotionSystem/rig04_0001_IKSystem/rig04_0001_IKJoints" index="5"]
transform = Transform3D(-0.00778701, 3.60179e-05, 0.99997, 0.944751, -0.327706, 0.00736881, 0.327697, 0.944779, 0.00251782, 0.0441869, 1.1014, -0.0281743)

[node name="rig04_0001_IKSpRootPart1FollowOffset_M" parent="rig04_0001_Group/rig04_0001_MotionSystem/rig04_0001_IKSystem/rig04_0001_IKJoints/rig04_0001_IKSpSpine2Offset_M" index="1"]
transform = Transform3D(0.999995, 3.9003e-10, -0.00316096, -3.97916e-10, 1, -2.49415e-09, 0.00316096, 2.4954e-09, 0.999995, 0.0818303, 0.00928611, 7.39857e-05)

[node name="rig04_0001_IKSpRootPart2FollowOffset_M" parent="rig04_0001_Group/rig04_0001_MotionSystem/rig04_0001_IKSystem/rig04_0001_IKJoints/rig04_0001_IKSpSpine2Offset_M" index="2"]
transform = Transform3D(0.999995, 7.92824e-11, -0.00316096, 5.36539e-12, 1, 2.67792e-08, 0.00316096, -2.6779e-08, 0.999995, 0.133588, 0.0093809, 0.000177837)

[node name="rig04_0001_IKSpSpine1FollowOffset_M" parent="rig04_0001_Group/rig04_0001_MotionSystem/rig04_0001_IKSystem/rig04_0001_IKJoints/rig04_0001_IKSpSpine2Offset_M" index="3"]
transform = Transform3D(0.93363, 0.358223, -0.00323035, -0.358225, 0.933635, -4.45289e-08, 0.00301595, 0.00115723, 0.999995, 0.185436, 0.00938155, 0.000347216)

[node name="rig04_0001_IKSpSpine1Part1FollowOffset_M" parent="rig04_0001_Group/rig04_0001_MotionSystem/rig04_0001_IKSystem/rig04_0001_IKJoints/rig04_0001_IKSpSpine2Offset_M" index="4"]
transform = Transform3D(0.93363, 0.358223, -0.00323032, -0.358225, 0.933635, 2.59606e-08, 0.00301595, 0.00115716, 0.999995, 0.227139, -0.00662364, 0.000484766)

[node name="rig04_0001_IKSpSpine1Part2FollowOffset_M" parent="rig04_0001_Group/rig04_0001_MotionSystem/rig04_0001_IKSystem/rig04_0001_IKJoints/rig04_0001_IKSpSpine2Offset_M" index="5"]
transform = Transform3D(0.93363, 0.358223, -0.00323033, -0.358225, 0.933635, 7.97445e-09, 0.00301595, 0.00115718, 0.999995, 0.268842, -0.0226288, 0.000619357)

[node name="rig04_0001_IKSpChestFollowOffset_M" parent="rig04_0001_Group/rig04_0001_MotionSystem/rig04_0001_IKSystem/rig04_0001_IKJoints/rig04_0001_IKSpSpine2Offset_M" index="6"]
transform = Transform3D(0.939502, 0.342526, -0.00323033, -0.342528, 0.939507, 8.3237e-09, 0.00303492, 0.00110647, 0.999995, 0.310546, -0.038634, 0.000753948)

[node name="Skeleton3D" parent="rig04_0001_Group/rig04_0001_MotionSystem/rig04_0001_IKSystem/rig04_0001_IKJoints/rig04_0001_IKAcSpine2Offset_M" index="0"]
bones/0/position = Vector3(-0.0620567, 0.00648184, 0.0438037)
bones/0/rotation = Quaternion(-0.000242355, 0.00229136, 0.114667, 0.993401)
bones/2/position = Vector3(-0.0115621, 0.0182963, 0.0435647)
bones/2/rotation = Quaternion(-0.000242374, 0.00229135, 0.114659, 0.993402)
bones/3/position = Vector3(0.0389327, 0.03011, 0.0433258)
bones/3/rotation = Quaternion(-0.000307498, 0.00228353, 0.0863354, 0.996264)
bones/4/position = Vector3(0.0900179, 0.039031, 0.043087)
bones/4/rotation = Quaternion(-0.000586452, 0.00222825, -0.0370499, 0.999311)
bones/5/position = Vector3(0.134574, 0.0357225, 0.04289)
bones/5/rotation = Quaternion(-0.000655676, 0.00220887, -0.068205, 0.997669)
bones/6/position = Vector3(0.178837, 0.0296419, 0.0426971)
bones/6/rotation = Quaternion(-0.000655695, 0.00220887, -0.0682096, 0.997668)
bones/7/position = Vector3(0.222216, 0.0236823, 0.042508)
bones/7/rotation = Quaternion(-0.000242355, 0.00229136, 0.114667, 0.993401)

[node name="rig04_0001_IKAcPociXformRoot_M" parent="rig04_0001_Group/rig04_0001_MotionSystem/rig04_0001_IKSystem/rig04_0001_IKJoints/rig04_0001_IKAcSpine2Offset3_M" index="0"]
transform = Transform3D(1, 0, 0, 0, 1, 0, 0, 0, 1, 0.0438037, 1.12655, -0.00951516)

[node name="rig04_0001_IKAcPociXformRootPart1_M" parent="rig04_0001_Group/rig04_0001_MotionSystem/rig04_0001_IKSystem/rig04_0001_IKJoints/rig04_0001_IKAcSpine2Offset3_M" index="1"]
transform = Transform3D(1, 0, 0, 0, 1, 0, 0, 0, 1, 0.0435647, 1.17555, 0.00748105)

[node name="rig04_0001_IKAcPociXformRootPart2_M" parent="rig04_0001_Group/rig04_0001_MotionSystem/rig04_0001_IKSystem/rig04_0001_IKJoints/rig04_0001_IKAcSpine2Offset3_M" index="2"]
transform = Transform3D(1, 0, 0, 0, 1, 0, 0, 0, 1, 0.0433258, 1.22454, 0.0244765)

[node name="rig04_0001_IKAcPociXformSpine1_M" parent="rig04_0001_Group/rig04_0001_MotionSystem/rig04_0001_IKSystem/rig04_0001_IKJoints/rig04_0001_IKAcSpine2Offset3_M" index="3"]
transform = Transform3D(1, 0, 0, 0, 1, 0, 0, 0, 1, 0.043087, 1.27442, 0.0386562)

[node name="rig04_0001_IKAcPociXformSpine1Part1_M" parent="rig04_0001_Group/rig04_0001_MotionSystem/rig04_0001_IKSystem/rig04_0001_IKJoints/rig04_0001_IKAcSpine2Offset3_M" index="4"]
transform = Transform3D(1, 0, 0, 0, 1, 0, 0, 0, 1, 0.04289, 1.31908, 0.0399943)

[node name="rig04_0001_IKAcPociXformSpine1Part2_M" parent="rig04_0001_Group/rig04_0001_MotionSystem/rig04_0001_IKSystem/rig04_0001_IKJoints/rig04_0001_IKAcSpine2Offset3_M" index="5"]
transform = Transform3D(1, 0, 0, 0, 1, 0, 0, 0, 1, 0.0426971, 1.36374, 0.0385448)

[node name="rig04_0001_IKAcPociXformChest_M" parent="rig04_0001_Group/rig04_0001_MotionSystem/rig04_0001_IKSystem/rig04_0001_IKJoints/rig04_0001_IKAcSpine2Offset3_M" index="6"]
transform = Transform3D(1, 0, 0, 0, 1, 0, 0, 0, 1, 0.042508, 1.4075, 0.0371239)

[node name="rig04_0001_IKAcSpine2Offset2_M" parent="rig04_0001_Group/rig04_0001_MotionSystem/rig04_0001_IKSystem/rig04_0001_IKJoints" index="8"]
transform = Transform3D(-0.00778701, 3.60179e-05, 0.99997, 0.944751, -0.327706, 0.00736881, 0.327697, 0.944779, 0.00251782, 0.0441869, 1.1014, -0.0281743)

[node name="rig04_0001_IKAcRootPart1FollowOffset_M" parent="rig04_0001_Group/rig04_0001_MotionSystem/rig04_0001_IKSystem/rig04_0001_IKJoints/rig04_0001_IKAcSpine2Offset2_M" index="0"]
transform = Transform3D(0.999995, 1.04068e-11, -0.00316096, -1.82906e-11, 1, -2.49408e-09, 0.00316096, 2.49413e-09, 0.999995, 0.0818303, 0.00928611, 7.39857e-05)

[node name="rig04_0001_IKAcRootPart2FollowOffset_M" parent="rig04_0001_Group/rig04_0001_MotionSystem/rig04_0001_IKSystem/rig04_0001_IKJoints/rig04_0001_IKAcSpine2Offset2_M" index="1"]
transform = Transform3D(0.999995, -2.14599e-12, -0.00316096, 5.40592e-12, 1, 1.0313e-09, 0.00316096, -1.03131e-09, 0.999995, 0.133588, 0.0093809, 0.000177837)

[node name="rig04_0001_IKAcSpine1FollowOffset_M" parent="rig04_0001_Group/rig04_0001_MotionSystem/rig04_0001_IKSystem/rig04_0001_IKJoints/rig04_0001_IKAcSpine2Offset2_M" index="2"]
transform = Transform3D(0.93363, 0.358223, -0.00323034, -0.358225, 0.933635, -1.3737e-08, 0.00301595, 0.0011572, 0.999995, 0.185436, 0.00938155, 0.000347216)

[node name="rig04_0001_IKAcSpine1Part1FollowOffset_M" parent="rig04_0001_Group/rig04_0001_MotionSystem/rig04_0001_IKSystem/rig04_0001_IKJoints/rig04_0001_IKAcSpine2Offset2_M" index="3"]
transform = Transform3D(0.93363, 0.358223, -0.00323033, -0.358225, 0.933635, 1.80444e-09, 0.00301595, 0.00115718, 0.999995, 0.227139, -0.00662364, 0.000484766)

[node name="rig04_0001_IKAcSpine1Part2FollowOffset_M" parent="rig04_0001_Group/rig04_0001_MotionSystem/rig04_0001_IKSystem/rig04_0001_IKJoints/rig04_0001_IKAcSpine2Offset2_M" index="4"]
transform = Transform3D(0.93363, 0.358223, -0.00323033, -0.358225, 0.933635, 7.85804e-09, 0.00301595, 0.00115718, 0.999995, 0.268842, -0.0226288, 0.000619357)

[node name="rig04_0001_IKAcChestFollowOffset_M" parent="rig04_0001_Group/rig04_0001_MotionSystem/rig04_0001_IKSystem/rig04_0001_IKJoints/rig04_0001_IKAcSpine2Offset2_M" index="5"]
transform = Transform3D(0.939502, 0.342526, -0.00323033, -0.342528, 0.939507, 5.82077e-11, 0.00303492, 0.00110648, 0.999995, 0.310546, -0.038634, 0.00075126)

[node name="rig04_0001_IKcvOffsetSpine21_M" parent="rig04_0001_Group/rig04_0001_MotionSystem/rig04_0001_IKSystem/rig04_0001_IKHandle/rig04_0001_IKHandleFollowMain" index="2"]
transform = Transform3D(0.999989, -0.00458769, -0.000434972, 0.00436795, 0.973693, -0.227823, 0.00146871, 0.227819, 0.973703, 0.0435647, 1.17555, 0.00748105)

[node name="rig04_0001_IKcvOffsetSpine22_M" parent="rig04_0001_Group/rig04_0001_MotionSystem/rig04_0001_IKSystem/rig04_0001_IKHandle/rig04_0001_IKHandleFollowMain" index="3"]
transform = Transform3D(0.999989, -0.00458769, -0.000434972, 0.00436795, 0.973693, -0.227823, 0.00146871, 0.227819, 0.973703, 0.0433258, 1.22454, 0.0244773)

[node name="rig04_0001_IKcvOffsetSpine23_M" parent="rig04_0001_Group/rig04_0001_MotionSystem/rig04_0001_IKSystem/rig04_0001_IKHandle/rig04_0001_IKHandleFollowMain" index="4"]
transform = Transform3D(0.999989, -0.00458769, -0.000434972, 0.00436795, 0.973693, -0.227823, 0.00146871, 0.227819, 0.973703, 0.0430868, 1.27353, 0.0414735)

[node name="rig04_0001_IKcvOffsetSpine24_M" parent="rig04_0001_Group/rig04_0001_MotionSystem/rig04_0001_IKSystem/rig04_0001_IKHandle/rig04_0001_IKHandleFollowMain" index="5"]
transform = Transform3D(0.999989, -0.00458769, -0.000434972, 0.00436795, 0.973693, -0.227823, 0.00146871, 0.227819, 0.973703, 0.0428939, 1.31819, 0.0400236)

[node name="rig04_0001_IKcvOffsetSpine25_M" parent="rig04_0001_Group/rig04_0001_MotionSystem/rig04_0001_IKSystem/rig04_0001_IKHandle/rig04_0001_IKHandleFollowMain" index="6"]
transform = Transform3D(0.999989, -0.00458769, -0.000434972, 0.00436795, 0.973693, -0.227823, 0.00146871, 0.227819, 0.973703, 0.0427009, 1.36284, 0.0385738)

[node name="rig04_0001_IKOffsetSpine22_M" parent="rig04_0001_Group/rig04_0001_MotionSystem/rig04_0001_IKSystem/rig04_0001_IKHandle/rig04_0001_IKHandleFollowMain" index="7"]
transform = Transform3D(0.999989, -0.00458769, -0.000434972, 0.00436795, 0.973693, -0.227823, 0.00146871, 0.227819, 0.973703, 0.0431383, 1.26342, 0.0365086)

[node name="rig04_0001_IKOffsetConstrainedSpine21_M" parent="rig04_0001_Group/rig04_0001_MotionSystem/rig04_0001_IKSystem/rig04_0001_IKHandle/rig04_0001_IKHandleFollowMain" index="8"]
transform = Transform3D(0.999989, -0.00458769, -0.000434972, 0.00436795, 0.973693, -0.227823, 0.00146871, 0.227819, 0.973703, 0.0438037, 1.12655, -0.00951516)

[node name="rig04_0001_IKFollowEndSpine21_M" parent="rig04_0001_Group/rig04_0001_MotionSystem/rig04_0001_IKSystem/rig04_0001_IKHandle/rig04_0001_IKHandleFollowMain/rig04_0001_IKFollowEndSpine2_M" index="0"]
transform = Transform3D(0.999989, -0.00458769, -0.000434972, 0.00436795, 0.973693, -0.227823, 0.00146871, 0.227819, 0.973703, 0.0438037, 1.12655, -0.00951516)

[node name="rig04_0001_IKFollowEndSpine23_M" parent="rig04_0001_Group/rig04_0001_MotionSystem/rig04_0001_IKSystem/rig04_0001_IKHandle/rig04_0001_IKHandleFollowMain/rig04_0001_IKFollowEndSpine2_M" index="1"]
transform = Transform3D(0.999989, -0.00458769, -0.000434972, 0.00436795, 0.973693, -0.227823, 0.00146871, 0.227819, 0.973703, 0.042508, 1.4075, 0.0371239)

[node name="rig04_0001_IKLeg_R" parent="rig04_0001_Group/rig04_0001_MotionSystem/rig04_0001_IKSystem/rig04_0001_IKHandle/rig04_0001_IKHandleFollowMain/rig04_0001_IKOffsetLeg_R/rig04_0001_IKExtraLeg_R" index="0"]
transform = Transform3D(1, 0, 0, 0, 1, 0, 0, 0, 1, 0, 0, 0)

[node name="rig04_0001_PoleOffsetLeg_R" parent="rig04_0001_Group/rig04_0001_MotionSystem/rig04_0001_IKSystem/rig04_0001_IKHandle/rig04_0001_IKHandleFollowMain" index="11"]
transform = Transform3D(0.971615, 0.0626, -0.228135, -0.0505358, 0.997016, 0.0583512, 0.231107, -0.0451659, 0.971879, -0.0792159, 0.736041, 0.921641)

[node name="rig04_0001_PoleLeg_R" parent="rig04_0001_Group/rig04_0001_MotionSystem/rig04_0001_IKSystem/rig04_0001_IKHandle/rig04_0001_IKHandleFollowMain/rig04_0001_PoleOffsetLeg_R/rig04_0001_PoleExtraLeg_R" index="0"]
transform = Transform3D(1, 0, 0, 0, 1, 0, 0, 0, 1, 0, 0, 0)

[node name="rig04_0001_PoleAimLeg_R" parent="rig04_0001_Group/rig04_0001_MotionSystem/rig04_0001_IKSystem/rig04_0001_IKHandle/rig04_0001_IKHandleFollowMain" index="12"]
transform = Transform3D(-0.16712, -0.21203, -0.962867, -0.985843, 0.0494656, 0.160215, 0.0136586, 0.97601, -0.217295, 0.0441869, 1.1014, -0.0281743)

[node name="rig04_0001_IKLeg_L" parent="rig04_0001_Group/rig04_0001_MotionSystem/rig04_0001_IKSystem/rig04_0001_IKHandle/rig04_0001_IKHandleFollowMain/rig04_0001_IKOffsetLeg_L/rig04_0001_IKExtraLeg_L" index="0"]
transform = Transform3D(1, 0, 0, 0, 1, 0, 0, 0, 1, 0, 0, 0)

[node name="rig04_0001_PoleOffsetLeg_L" parent="rig04_0001_Group/rig04_0001_MotionSystem/rig04_0001_IKSystem/rig04_0001_IKHandle/rig04_0001_IKHandleFollowMain" index="16"]
transform = Transform3D(0.956122, -0.0527689, 0.288178, 0.0355268, 0.99727, 0.0647407, -0.290807, -0.051662, 0.955386, 0.221176, 0.743649, 0.916047)

[node name="rig04_0001_PoleLeg_L" parent="rig04_0001_Group/rig04_0001_MotionSystem/rig04_0001_IKSystem/rig04_0001_IKHandle/rig04_0001_IKHandleFollowMain/rig04_0001_PoleOffsetLeg_L/rig04_0001_PoleExtraLeg_L" index="0"]
transform = Transform3D(1, 0, 0, 0, 1, 0, 0, 0, 1, 0, 0, 0)

[node name="rig04_0001_PoleAimLeg_L" parent="rig04_0001_Group/rig04_0001_MotionSystem/rig04_0001_IKSystem/rig04_0001_IKHandle/rig04_0001_IKHandleFollowMain" index="17"]
transform = Transform3D(-0.155285, -0.272247, -0.949614, 0.987775, -0.0561077, -0.14544, -0.0136852, -0.96059, 0.277631, 0.0441869, 1.1014, -0.0281743)

[node name="rig04_0001_IKOffsetArm_RFollowNoScaleOffset" parent="rig04_0001_Group/rig04_0001_MotionSystem/rig04_0001_IKSystem/rig04_0001_IKFollow" index="0"]
transform = Transform3D(-0.907952, -0.061628, -0.414518, -0.387935, -0.250554, 0.886977, -0.158522, 0.966139, 0.203583, -0.00224635, 1.43591, 0.0725247)

[node name="rig04_0001_IKOffsetArm_RFollow" parent="rig04_0001_Group/rig04_0001_MotionSystem/rig04_0001_IKSystem/rig04_0001_IKFollow/rig04_0001_IKOffsetArm_RFollowOffset" index="0"]
transform = Transform3D(0.98036, -0.0531098, 0.189933, 0.0974609, 0.967711, -0.23246, -0.171455, 0.246405, 0.953881, 0.0637251, -0.104056, 0.0542206)

[node name="rig04_0001_IKhybridFollowSpine21_MFollowNoScaleOffset" parent="rig04_0001_Group/rig04_0001_MotionSystem/rig04_0001_IKSystem/rig04_0001_IKFollow" index="4"]
transform = Transform3D(0.999989, -0.00458769, -0.000434972, 0.00436795, 0.973693, -0.227823, 0.00146871, 0.227819, 0.973703, 0.0438037, 1.12655, -0.00951516)

[node name="rig04_0001_IKhybridFollowSpine21_MFollow" parent="rig04_0001_Group/rig04_0001_MotionSystem/rig04_0001_IKSystem/rig04_0001_IKFollow/rig04_0001_IKhybridFollowSpine21_MFollowOffset" index="0"]
transform = Transform3D(0.973692, -0.227822, 0.00449689, 0.22782, 0.973704, 0.001007, -0.00460805, 4.39749e-05, 0.999989, -0.0620567, 0.00648184, 0.0438037)

[node name="rig04_0001_PoleOffsetLeg_RFollowNoScaleOffset" parent="rig04_0001_Group/rig04_0001_MotionSystem/rig04_0001_IKSystem/rig04_0001_IKFollow" index="6"]
transform = Transform3D(-0.16712, -0.21203, -0.962867, -0.985843, 0.0494656, 0.160215, 0.0136586, 0.97601, -0.217295, 0.0441869, 1.1014, -0.0281743)

[node name="rig04_0001_PoleOffsetLeg_RFollow" parent="rig04_0001_Group/rig04_0001_MotionSystem/rig04_0001_IKSystem/rig04_0001_IKFollow/rig04_0001_PoleOffsetLeg_RFollowOffset" index="0"]
transform = Transform3D(0.971615, 0.0626, -0.228135, -0.0505358, 0.997016, 0.0583512, 0.231107, -0.0451659, 0.971879, -0.197288, -0.0380146, 0.00121679)

[node name="rig04_0001_IKOffsetArm_LFollowNoScaleOffset" parent="rig04_0001_Group/rig04_0001_MotionSystem/rig04_0001_IKSystem/rig04_0001_IKFollow" index="8"]
transform = Transform3D(-0.898091, -0.0662329, -0.434794, 0.407126, 0.248777, -0.87884, 0.166374, -0.966294, -0.196459, 0.0869083, 1.4363, 0.0726556)

[node name="rig04_0001_IKOffsetArm_LFollow" parent="rig04_0001_Group/rig04_0001_MotionSystem/rig04_0001_IKSystem/rig04_0001_IKFollow/rig04_0001_IKOffsetArm_LFollowOffset" index="0"]
transform = Transform3D(0.979826, 0.0755827, -0.185013, -0.117189, 0.967165, -0.225519, 0.161892, 0.242651, 0.95651, 0.0121301, -0.110087, 0.0533413)

[node name="rig04_0001_PoleOffsetLeg_LFollowNoScaleOffset" parent="rig04_0001_Group/rig04_0001_MotionSystem/rig04_0001_IKSystem/rig04_0001_IKFollow" index="12"]
transform = Transform3D(-0.155285, -0.272247, -0.949614, 0.987775, -0.0561077, -0.14544, -0.0136852, -0.96059, 0.277631, 0.0441869, 1.1014, -0.0281743)

[node name="rig04_0001_PoleOffsetLeg_LFollow" parent="rig04_0001_Group/rig04_0001_MotionSystem/rig04_0001_IKSystem/rig04_0001_IKFollow/rig04_0001_PoleOffsetLeg_LFollowOffset" index="0"]
transform = Transform3D(0.956122, -0.0527689, 0.288178, 0.0355268, 0.99727, 0.0647407, -0.290807, -0.051662, 0.955386, 0.339248, -0.0304058, -0.00437705)

[node name="rig04_0001_IKmessureLoc1Arm_R" parent="rig04_0001_Group/rig04_0001_MotionSystem/rig04_0001_IKSystem/rig04_0001_IKMessure" index="0"]
transform = Transform3D(1, 0, 0, 0, 1, 0, 0, 0, 1, -0.0524121, 1.41448, 0.0637661)

[node name="rig04_0001_IKmessureLoc2Arm_R" parent="rig04_0001_Group/rig04_0001_MotionSystem/rig04_0001_IKSystem/rig04_0001_IKMessure/rig04_0001_IKmessureLoc1Arm_R" index="0"]
transform = Transform3D(1, 0, 0, 0, 1, 0, 0, 0, 1, -0.214885, -0.255384, -0.114302)

[node name="rig04_0001_IKmessureLoc1Leg_R" parent="rig04_0001_Group/rig04_0001_MotionSystem/rig04_0001_IKSystem/rig04_0001_IKMessure" index="2"]
transform = Transform3D(1, 0, 0, 0, 1, 0, 0, 0, 1, -0.0343148, 1.0697, -0.0452148)

[node name="rig04_0001_IKmessureLoc2Leg_R" parent="rig04_0001_Group/rig04_0001_MotionSystem/rig04_0001_IKSystem/rig04_0001_IKMessure/rig04_0001_IKmessureLoc1Leg_R" index="0"]
transform = Transform3D(1, 0, 0, 0, 1, 0, 0, 0, 1, -0.0749528, -0.87354, 0.0295821)

[node name="rig04_0001_IKmessureLoc1Arm_L" parent="rig04_0001_Group/rig04_0001_MotionSystem/rig04_0001_IKSystem/rig04_0001_IKMessure" index="4"]
transform = Transform3D(1, 0, 0, 0, 1, 0, 0, 0, 1, 0.136529, 1.41381, 0.0634632)

[node name="rig04_0001_IKmessureLoc2Arm_L" parent="rig04_0001_Group/rig04_0001_MotionSystem/rig04_0001_IKSystem/rig04_0001_IKMessure/rig04_0001_IKmessureLoc1Arm_L" index="0"]
transform = Transform3D(1, 0, 0, 0, 1, 0, 0, 0, 1, 0.130768, -0.254713, -0.113999)

[node name="rig04_0001_IKmessureLoc1Leg_L" parent="rig04_0001_Group/rig04_0001_MotionSystem/rig04_0001_IKSystem/rig04_0001_IKMessure" index="6"]
transform = Transform3D(1, 0, 0, 0, 1, 0, 0, 0, 1, 0.123231, 1.07086, -0.0448195)

[node name="rig04_0001_IKmessureLoc2Leg_L" parent="rig04_0001_Group/rig04_0001_MotionSystem/rig04_0001_IKSystem/rig04_0001_IKMessure/rig04_0001_IKmessureLoc1Leg_L" index="0"]
transform = Transform3D(1, 0, 0, 0, 1, 0, 0, 0, 1, 0.063266, -0.874698, 0.0291869)

[node name="rig04_0001_FKIKParentConstraintArm_R" parent="rig04_0001_Group/rig04_0001_MotionSystem/rig04_0001_FKIKSystem" index="0"]
transform = Transform3D(-0.907952, -0.061628, -0.414518, -0.387935, -0.250554, 0.886977, -0.158522, 0.966139, 0.203583, -0.00224635, 1.43591, 0.0725247)

[node name="rig04_0001_FKIKArm_R" parent="rig04_0001_Group/rig04_0001_MotionSystem/rig04_0001_FKIKSystem/rig04_0001_FKIKParentConstraintArm_R" index="0"]
transform = Transform3D(-0.900749, -0.366249, -0.233482, -0.250486, -0.00112951, 0.96812, -0.354836, 0.930516, -0.0907227, 0.186243, 0.0697103, -0.00481354)

[node name="rig04_0001_FKIKParentConstraintLeg_R" parent="rig04_0001_Group/rig04_0001_MotionSystem/rig04_0001_FKIKSystem" index="1"]
transform = Transform3D(-0.00778701, 3.60179e-05, 0.99997, 0.944751, -0.327706, 0.00736881, 0.327697, 0.944779, 0.00251782, 0.0441869, 1.1014, -0.0281743)

[node name="rig04_0001_FKIKLeg_R" parent="rig04_0001_Group/rig04_0001_MotionSystem/rig04_0001_FKIKSystem/rig04_0001_FKIKParentConstraintLeg_R" index="0"]
transform = Transform3D(1.30661e-07, 0.994589, 0.103885, -9.08196e-09, -0.103885, 0.994589, 1, -1.30898e-07, -4.54098e-09, -0.13184, 0.0415525, -0.20934)

[node name="rig04_0001_FKIKParentConstraintSpine2_M" parent="rig04_0001_Group/rig04_0001_MotionSystem/rig04_0001_FKIKSystem" index="2"]
transform = Transform3D(-0.00778701, 3.60179e-05, 0.99997, 0.944751, -0.327706, 0.00736881, 0.327697, 0.944779, 0.00251782, 0.0441869, 1.1014, -0.0281743)

[node name="rig04_0001_FKIKSpine2_M" parent="rig04_0001_Group/rig04_0001_MotionSystem/rig04_0001_FKIKSystem/rig04_0001_FKIKParentConstraintSpine2_M" index="0"]
transform = Transform3D(1.30661e-07, 0.994589, 0.103885, -9.08196e-09, -0.103885, 0.994589, 1, -1.30898e-07, -4.54098e-09, 0.105838, 0, 0.238104)

[node name="rig04_0001_FKIKParentConstraintArm_L" parent="rig04_0001_Group/rig04_0001_MotionSystem/rig04_0001_FKIKSystem" index="3"]
transform = Transform3D(-0.898091, -0.0662329, -0.434794, 0.407126, 0.248777, -0.87884, 0.166374, -0.966294, -0.196459, 0.0869083, 1.4363, 0.0726556)

[node name="rig04_0001_FKIKArm_L" parent="rig04_0001_Group/rig04_0001_MotionSystem/rig04_0001_FKIKSystem/rig04_0001_FKIKParentConstraintArm_L" index="0"]
transform = Transform3D(-0.900749, 0.366249, 0.233482, -0.250486, 0.00112952, -0.96812, -0.354836, -0.930516, 0.0907227, -0.186243, -0.0697103, 0.00481354)

[node name="rig04_0001_FKIKParentConstraintLeg_L" parent="rig04_0001_Group/rig04_0001_MotionSystem/rig04_0001_FKIKSystem" index="4"]
transform = Transform3D(-0.00778701, 3.60179e-05, 0.99997, 0.944751, -0.327706, 0.00736881, 0.327697, 0.944779, 0.00251782, 0.0441869, 1.1014, -0.0281743)

[node name="rig04_0001_FKIKLeg_L" parent="rig04_0001_Group/rig04_0001_MotionSystem/rig04_0001_FKIKSystem/rig04_0001_FKIKParentConstraintLeg_L" index="0"]
transform = Transform3D(1.30661e-07, 0.994589, 0.103885, -9.08196e-09, -0.103885, 0.994589, 1, -1.30898e-07, -4.54098e-09, -0.13184, 0.0415525, 0.20934)

[node name="rig04_0001_AimFollowEye" parent="rig04_0001_Group/rig04_0001_MotionSystem/rig04_0001_AimSystem/rig04_0001_AimEye/rig04_0001_AimOffsetEye" index="0"]
transform = Transform3D(0.999902, 0.0106997, -0.00910494, -0.0116539, 0.99362, -0.11217, 0.00784667, 0.112265, 0.993647, 0.0395723, -0.120872, 0.16046)

[node name="rig04_0001_AimFollowOnEye" parent="rig04_0001_Group/rig04_0001_MotionSystem/rig04_0001_AimSystem/rig04_0001_AimEye/rig04_0001_AimOffsetEye" index="1"]
transform = Transform3D(0.999902, 0.0106997, -0.00910494, -0.0116539, 0.99362, -0.11217, 0.00784667, 0.112265, 0.993647, 0.0395723, -0.120872, 0.16046)

[node name="rig04_0001_LegLockConstrained" parent="rig04_0001_Group/rig04_0001_MotionSystem/rig04_0001_RootSystem" index="1"]
transform = Transform3D(-0.00778701, 3.60179e-05, 0.99997, 0.944751, -0.327706, 0.00736881, 0.327697, 0.944779, 0.00251782, 0.0441869, 1.1014, -0.0281743)

[node name="rig04_0001_RootX_M" parent="rig04_0001_Group/rig04_0001_MotionSystem/rig04_0001_RootSystem/rig04_0001_RootCenterBtwLegsBlended_M/rig04_0001_RootOffsetX_M/rig04_0001_RootExtraX_M" index="0"]
transform = Transform3D(0.999989, -0.00458769, -0.000434972, 0.00436795, 0.973693, -0.227823, 0.00146871, 0.227819, 0.973703, 0.0438037, -0.0623943, 0)

[node name="rig04_0001_TwistFollowHead_M" parent="rig04_0001_Group/rig04_0001_MotionSystem/rig04_0001_TwistSystem/rig04_0001_TwistFollowOffsetHead_M" index="0"]
transform = Transform3D(0.993649, -0.112171, -0.00889898, 0.112265, 0.993619, 0.0108716, 0.00762271, -0.0118016, 0.999902, -0.0425484, 0.180832, 0.0417335)

[node name="rig04_0001_TwistFollowParentHead_M" parent="rig04_0001_Group/rig04_0001_MotionSystem/rig04_0001_TwistSystem/rig04_0001_TwistFollowParentOffsetHead_M" index="0"]
transform = Transform3D(0.920848, -0.389903, 0.00378429, 0.389896, 0.920854, 0.00262968, -0.00451011, -0.000946059, 0.999989, -0.126259, 0.0901045, 0.0421787)

[node name="rig04_0001_TwistFollowSpine22_M" parent="rig04_0001_Group/rig04_0001_MotionSystem/rig04_0001_TwistSystem/rig04_0001_TwistFollowOffsetSpine22_M" index="0"]
transform = Transform3D(0.973692, -0.227822, 0.00449689, 0.22782, 0.973704, 0.001007, -0.00460805, 4.39749e-05, 0.999989, -0.0655422, 0.0394132, 0.0431383)

[node name="rig04_0001_TwistFollowParentSpine22_M" parent="rig04_0001_Group/rig04_0001_MotionSystem/rig04_0001_TwistSystem/rig04_0001_TwistFollowParentOffsetSpine22_M" index="0"]
transform = Transform3D(0.973692, -0.227822, 0.00449689, 0.22782, 0.973704, 0.001007, -0.00460805, 4.39749e-05, 0.999989, -0.0655422, 0.0394132, 0.0431383)

[node name="rig04_0001_TwistFollowWrist_R" parent="rig04_0001_Group/rig04_0001_MotionSystem/rig04_0001_TwistSystem/rig04_0001_TwistFollowOffsetWrist_R" index="0"]
transform = Transform3D(0.893016, -0.263304, 0.364955, 0.213415, 0.961759, 0.171672, -0.396201, -0.075419, 0.915061, 0.0652727, -0.0233293, -0.147532)

[node name="rig04_0001_TwistFollowParentWrist_R" parent="rig04_0001_Group/rig04_0001_MotionSystem/rig04_0001_TwistSystem/rig04_0001_TwistFollowParentOffsetWrist_R" index="0"]
transform = Transform3D(0.990992, -0.133749, 0.00672813, 0.128815, 0.965766, 0.225168, -0.0366137, -0.222273, 0.974297, 0.0789448, 0.109811, -0.041191)

[node name="Skeleton3D" parent="rig04_0001_Group/rig04_0001_MotionSystem/rig04_0001_TwistSystem/rig04_0001_TwistFollowParentOffsetWrist_R/rig04_0001_TwistFollowParentWrist_R" index="0"]
bones/0/rotation = Quaternion(0.613295, -0.0465717, 0.167979, 0.770379)
bones/2/rotation = Quaternion(0.0356409, 0, 0, 0.999365)
bones/4/rotation = Quaternion(0.0109379, 0, 0, 0.99994)
bones/5/rotation = Quaternion(0.023199, 0, 0, 0.999731)

[node name="rig04_0001_TwistFollowElbow_R" parent="rig04_0001_Group/rig04_0001_MotionSystem/rig04_0001_TwistSystem/rig04_0001_TwistFollowOffsetElbow_R" index="0"]
transform = Transform3D(0.990992, -0.133749, 0.00672813, 0.128815, 0.965766, 0.225168, -0.0366137, -0.222273, 0.974297, 0.0789448, 0.109811, -0.041191)

[node name="rig04_0001_TwistFollowParentElbow_R" parent="rig04_0001_Group/rig04_0001_MotionSystem/rig04_0001_TwistSystem/rig04_0001_TwistFollowParentOffsetElbow_R" index="0"]
transform = Transform3D(0.990532, 0.0747567, 0.115138, -0.103923, 0.956352, 0.273114, -0.0896954, -0.282494, 0.955066, 0.059641, 0.14321, -0.0231438)

[node name="Skeleton3D" parent="rig04_0001_Group/rig04_0001_MotionSystem/rig04_0001_TwistSystem/rig04_0001_TwistFollowParentOffsetElbow_R/rig04_0001_TwistFollowParentElbow_R" index="0"]
bones/0/rotation = Quaternion(0.00755153, -0.0826373, 0.191099, 0.978057)
bones/2/rotation = Quaternion(0.0108297, 0, 0, 0.999941)
bones/4/rotation = Quaternion(0.015508, 0, 0, 0.99988)
bones/5/rotation = Quaternion(0.0310174, 0, 0, 0.999519)

[node name="rig04_0001_TwistFollowShoulder_R" parent="rig04_0001_Group/rig04_0001_MotionSystem/rig04_0001_TwistSystem/rig04_0001_TwistFollowOffsetShoulder_R" index="0"]
transform = Transform3D(0.990532, 0.0747567, 0.115138, -0.103923, 0.956352, 0.273114, -0.0896955, -0.282494, 0.955065, 0.059641, 0.14321, -0.0231438)

[node name="rig04_0001_TwistFollowParentShoulder_R" parent="rig04_0001_Group/rig04_0001_MotionSystem/rig04_0001_TwistSystem/rig04_0001_TwistFollowParentOffsetShoulder_R" index="0"]
transform = Transform3D(0.996929, -0.0782994, 0.000988975, 0.0743992, 0.951057, 0.299922, -0.0244243, -0.298927, 0.953964, -0.0266568, 0.0940411, -0.118016)

[node name="Skeleton3D" parent="rig04_0001_Group/rig04_0001_MotionSystem/rig04_0001_TwistSystem/rig04_0001_TwistFollowParentOffsetShoulder_R/rig04_0001_TwistFollowParentShoulder_R" index="0"]
bones/0/rotation = Quaternion(-0.310829, 0.316727, 0.129915, 0.886674)
bones/2/rotation = Quaternion(-0.000599832, 0, 0, 1)
bones/5/rotation = Quaternion(-0.000509363, 0, 0, 1)

[node name="rig04_0001_TwistFollowKnee_R" parent="rig04_0001_Group/rig04_0001_MotionSystem/rig04_0001_TwistSystem/rig04_0001_TwistFollowOffsetKnee_R" index="0"]
transform = Transform3D(0.966964, 0.253199, -0.0295179, -0.246179, 0.897495, -0.365922, -0.0661588, 0.3611, 0.930178, 0.018871, 0.140617, 0.03779)

[node name="rig04_0001_TwistFollowParentKnee_R" parent="rig04_0001_Group/rig04_0001_MotionSystem/rig04_0001_TwistSystem/rig04_0001_TwistFollowParentOffsetKnee_R" index="0"]
transform = Transform3D(0.883462, -0.462289, -0.07604, 0.408245, 0.839256, -0.359147, 0.229846, 0.28625, 0.930179, 0.0821195, -0.022097, -0.0518126)

[node name="Skeleton3D" parent="rig04_0001_Group/rig04_0001_MotionSystem/rig04_0001_TwistSystem/rig04_0001_TwistFollowParentOffsetKnee_R/rig04_0001_TwistFollowParentKnee_R" index="0"]
bones/0/rotation = Quaternion(-1.70299e-11, 3.7243e-11, -0.415846, 0.909435)

[node name="rig04_0001_TwistFollowHip_R" parent="rig04_0001_Group/rig04_0001_MotionSystem/rig04_0001_TwistSystem/rig04_0001_TwistFollowOffsetHip_R" index="0"]
