[gd_scene load_steps=36 format=3 uid="uid://dit45cnjx68ie"]

[ext_resource type="PackedScene" uid="uid://dfi3off64iusc" path="res://assets/player_character/valerie_anim02/PC RIG.fbx" id="1_l433w"]
[ext_resource type="Script" uid="uid://c66nvjg5ps52s" path="res://scenes/valerie.gd" id="2_7i0dl"]
[ext_resource type="Animation" uid="uid://ctmr4ax23gnf" path="res://assets/player_character/valerie_anim02/02GLIDE.res" id="2_riskd"]
[ext_resource type="Animation" uid="uid://dpug8gpjmrdbe" path="res://assets/player_character/valerie_anim02/04TURNRIGHT.res" id="3_7i0dl"]
[ext_resource type="Animation" uid="uid://qdkc50uakcwg" path="res://assets/player_character/valerie_anim02/06TURNLEFT.res" id="4_fcl0u"]
[ext_resource type="Animation" uid="uid://66c2gaorh0gj" path="res://assets/player_character/valerie_anim02/IDLE.res" id="5_ropus"]
[ext_resource type="Animation" uid="uid://ceyopkidb7iui" path="res://assets/player_character/valerie_anim02/SKATECYCLE.res" id="6_682pp"]

[sub_resource type="AnimationLibrary" id="AnimationLibrary_xr7e8"]
_data = {
&"02GLIDE": ExtResource("2_riskd"),
&"04TURNRIGHT": ExtResource("3_7i0dl"),
&"06TURNLEFT": ExtResource("4_fcl0u"),
&"IDLE": ExtResource("5_ropus"),
&"SKATECYCLE": ExtResource("6_682pp")
}

[sub_resource type="AnimationNodeBlend2" id="AnimationNodeBlend2_7i0dl"]

[sub_resource type="AnimationNodeAnimation" id="AnimationNodeAnimation_ropus"]
animation = &"valerie_anim02/SKATECYCLE"

[sub_resource type="AnimationNodeAnimation" id="AnimationNodeAnimation_b0yvp"]
animation = &"valerie_anim02/06TURNLEFT"

[sub_resource type="AnimationNodeBlendTree" id="AnimationNodeBlendTree_bfm4i"]
graph_offset = Vector2(-358.434, -80.6052)
nodes/Blend2/node = SubResource("AnimationNodeBlend2_7i0dl")
nodes/Blend2/position = Vector2(480, 120)
nodes/output/position = Vector2(760, 160)
nodes/skate_cycle/node = SubResource("AnimationNodeAnimation_ropus")
nodes/skate_cycle/position = Vector2(100, 40)
nodes/turn_left/node = SubResource("AnimationNodeAnimation_b0yvp")
nodes/turn_left/position = Vector2(100, 380)
node_connections = [&"Blend2", 0, &"skate_cycle", &"Blend2", 1, &"turn_left", &"output", 0, &"Blend2"]

[sub_resource type="AnimationNodeBlend2" id="AnimationNodeBlend2_riskd"]

[sub_resource type="AnimationNodeAnimation" id="AnimationNodeAnimation_v0c5h"]
animation = &"valerie_anim02/04TURNRIGHT"

[sub_resource type="AnimationNodeAnimation" id="AnimationNodeAnimation_fa7ah"]
animation = &"valerie_anim02/SKATECYCLE"

[sub_resource type="AnimationNodeBlendTree" id="AnimationNodeBlendTree_b0yvp"]
graph_offset = Vector2(-223, 21)
nodes/Blend2/node = SubResource("AnimationNodeBlend2_riskd")
nodes/Blend2/position = Vector2(420, 160)
nodes/TurnRight/node = SubResource("AnimationNodeAnimation_v0c5h")
nodes/TurnRight/position = Vector2(20, 280)
nodes/output/position = Vector2(720, 220)
nodes/skate_cycle/node = SubResource("AnimationNodeAnimation_fa7ah")
nodes/skate_cycle/position = Vector2(40, 80)
node_connections = [&"Blend2", 0, &"skate_cycle", &"Blend2", 1, &"TurnRight", &"output", 0, &"Blend2"]

[sub_resource type="AnimationNodeAnimation" id="AnimationNodeAnimation_682pp"]
animation = &"valerie_anim02/SKATECYCLE"

[sub_resource type="AnimationNodeBlend3" id="AnimationNodeBlend3_riskd"]

[sub_resource type="AnimationNodeAnimation" id="AnimationNodeAnimation_bfm4i"]
animation = &"valerie_anim02/06TURNLEFT"

[sub_resource type="AnimationNodeAnimation" id="AnimationNodeAnimation_0pvkb"]
animation = &"valerie_anim02/04TURNRIGHT"

[sub_resource type="AnimationNodeBlendTree" id="AnimationNodeBlendTree_tiysj"]
graph_offset = Vector2(-443.09, 58.9292)
nodes/output/position = Vector2(600, 220)
nodes/skate_cycle/node = SubResource("AnimationNodeAnimation_682pp")
nodes/skate_cycle/position = Vector2(-400, 240)
nodes/skate_direction_anim_blend/node = SubResource("AnimationNodeBlend3_riskd")
nodes/skate_direction_anim_blend/position = Vector2(120, 160)
nodes/turn_left/node = SubResource("AnimationNodeAnimation_bfm4i")
nodes/turn_left/position = Vector2(-400, 420)
nodes/turn_right/node = SubResource("AnimationNodeAnimation_0pvkb")
nodes/turn_right/position = Vector2(-420, 60)
node_connections = [&"output", 0, &"skate_direction_anim_blend", &"skate_direction_anim_blend", 0, &"turn_right", &"skate_direction_anim_blend", 1, &"skate_cycle", &"skate_direction_anim_blend", 2, &"turn_left"]

[sub_resource type="AnimationNodeAnimation" id="AnimationNodeAnimation_xr7e8"]
animation = &"valerie_anim02/IDLE"

[sub_resource type="AnimationNodeAnimation" id="AnimationNodeAnimation_7i0dl"]
animation = &"valerie_anim02/IDLE"

[sub_resource type="AnimationNodeAnimation" id="AnimationNodeAnimation_fcl0u"]
animation = &"valerie_anim02/SKATECYCLE"

[sub_resource type="AnimationNodeStateMachineTransition" id="AnimationNodeStateMachineTransition_7i0dl"]
advance_mode = 2

[sub_resource type="AnimationNodeStateMachineTransition" id="AnimationNodeStateMachineTransition_v4gb1"]
xfade_time = 0.2
switch_mode = 1
advance_mode = 2
advance_expression = "parent_model.current_state.turning_direction == \"straight\""

[sub_resource type="AnimationNodeStateMachineTransition" id="AnimationNodeStateMachineTransition_ropus"]
xfade_time = 0.2
switch_mode = 1
advance_mode = 2
advance_expression = "parent_model.current_state.turning_direction == \"straight\""

[sub_resource type="AnimationNodeStateMachineTransition" id="AnimationNodeStateMachineTransition_re18b"]
xfade_time = 0.3
switch_mode = 1
advance_mode = 2
advance_expression = "parent_model.current_state.turning_direction == \"right\""

[sub_resource type="AnimationNodeStateMachineTransition" id="AnimationNodeStateMachineTransition_fcl0u"]
xfade_time = 0.3
switch_mode = 1
advance_mode = 2
advance_expression = "parent_model.current_state.turning_direction == \"left\""

[sub_resource type="AnimationNodeStateMachineTransition" id="AnimationNodeStateMachineTransition_qeohi"]
xfade_time = 0.1
advance_mode = 2
advance_expression = "parent_model.current_state == parent_model.states[\"skate\"]"

[sub_resource type="AnimationNodeStateMachineTransition" id="AnimationNodeStateMachineTransition_fa7ah"]
xfade_time = 0.1
advance_mode = 2
advance_expression = "parent_model.current_state == parent_model.states[\"idle\"]"

[sub_resource type="Curve" id="Curve_riskd"]
_data = [Vector2(0, 0), 0.0, 0.0, 0, 0, Vector2(0.344371, 0.0428938), 0.124557, 0.613035, 1, 0, Vector2(1, 1), 0.0, 0.0, 0, 0]
point_count = 3

[sub_resource type="AnimationNodeStateMachineTransition" id="AnimationNodeStateMachineTransition_riskd"]
xfade_time = 0.5
xfade_curve = SubResource("Curve_riskd")
priority = 2
advance_mode = 2
advance_expression = "parent_model.current_state.is_gliding"

[sub_resource type="AnimationNodeStateMachineTransition" id="AnimationNodeStateMachineTransition_682pp"]
xfade_time = 0.1
advance_mode = 2
advance_expression = "!parent_model.current_state.is_gliding"

[sub_resource type="AnimationNodeStateMachine" id="AnimationNodeStateMachine_xr7e8"]
states/End/position = Vector2(1425, 174)
states/Start/position = Vector2(-383, 200)
states/TurnLeftBlendTree/node = SubResource("AnimationNodeBlendTree_bfm4i")
states/TurnLeftBlendTree/position = Vector2(1006.15, 101)
states/TurnRightBlendTree/node = SubResource("AnimationNodeBlendTree_b0yvp")
states/TurnRightBlendTree/position = Vector2(1281.15, 210)
states/skating/node = SubResource("AnimationNodeBlendTree_tiysj")
states/skating/position = Vector2(14.152, 299)
states/valerie_anim02_IDLE/node = SubResource("AnimationNodeAnimation_7i0dl")
states/valerie_anim02_IDLE/position = Vector2(-169, 200)
"states/valerie_anim02_IDLE 2/node" = SubResource("AnimationNodeAnimation_xr7e8")
"states/valerie_anim02_IDLE 2/position" = Vector2(206, 401)
states/valerie_anim02_SKATECYCLE/node = SubResource("AnimationNodeAnimation_fcl0u")
states/valerie_anim02_SKATECYCLE/position = Vector2(727, 204)
transitions = ["Start", "valerie_anim02_IDLE", SubResource("AnimationNodeStateMachineTransition_7i0dl"), "TurnRightBlendTree", "valerie_anim02_SKATECYCLE", SubResource("AnimationNodeStateMachineTransition_v4gb1"), "TurnLeftBlendTree", "valerie_anim02_SKATECYCLE", SubResource("AnimationNodeStateMachineTransition_ropus"), "valerie_anim02_SKATECYCLE", "TurnRightBlendTree", SubResource("AnimationNodeStateMachineTransition_re18b"), "valerie_anim02_SKATECYCLE", "TurnLeftBlendTree", SubResource("AnimationNodeStateMachineTransition_fcl0u"), "valerie_anim02_IDLE", "skating", SubResource("AnimationNodeStateMachineTransition_qeohi"), "skating", "valerie_anim02_IDLE", SubResource("AnimationNodeStateMachineTransition_fa7ah"), "skating", "valerie_anim02_IDLE 2", SubResource("AnimationNodeStateMachineTransition_riskd"), "valerie_anim02_IDLE 2", "skating", SubResource("AnimationNodeStateMachineTransition_682pp")]
graph_offset = Vector2(-677.848, 172)

[node name="Valerie01" instance=ExtResource("1_l433w")]
script = ExtResource("2_7i0dl")

[node name="rig04_0001_FitSkeleton" parent="rig04_0001_Group" index="0"]
visible = false

[node name="rig04_0001_MotionSystem" parent="rig04_0001_Group" index="1"]
visible = false

[node name="rig04_0001_FKParentConstraintToChest_M" parent="rig04_0001_Group/rig04_0001_MotionSystem/rig04_0001_FKSystem" index="0"]
transform = Transform3D(0.00164223, -0.00976135, 0.999952, 0.876, -0.482271, -0.00614652, 0.482308, 0.875967, 0.00775895, 0.0319351, 1.21567, 0.331737)

[node name="rig04_0001_FKScapula_R" parent="rig04_0001_Group/rig04_0001_MotionSystem/rig04_0001_FKSystem/rig04_0001_FKParentConstraintToChest_M/rig04_0001_FKOffsetScapula_R/rig04_0001_FKExtraScapula_R" index="0"]
transform = Transform3D(1, 0, 0, 0, 1, 0, 0, 0, 1, 0, 0, 0)

[node name="Skeleton3D" parent="rig04_0001_Group/rig04_0001_MotionSystem/rig04_0001_FKSystem/rig04_0001_FKParentConstraintToChest_M/rig04_0001_FKOffsetScapula_R/rig04_0001_FKExtraScapula_R/rig04_0001_FKScapula_R" index="0"]
bones/3/rotation = Quaternion(-0.114312, -0.0694831, 0.0740963, 0.988238)
bones/8/rotation = Quaternion(-0.0725355, -0.378459, 0.404395, 0.829441)

[node name="rig04_0001_FKScapula_L" parent="rig04_0001_Group/rig04_0001_MotionSystem/rig04_0001_FKSystem/rig04_0001_FKParentConstraintToChest_M/rig04_0001_FKOffsetScapula_L/rig04_0001_FKExtraScapula_L" index="0"]
transform = Transform3D(0.999999, 0, 0, 0, 1, 0, 0, 0, 1, 0, 0, 0)

[node name="Skeleton3D" parent="rig04_0001_Group/rig04_0001_MotionSystem/rig04_0001_FKSystem/rig04_0001_FKParentConstraintToChest_M/rig04_0001_FKOffsetScapula_L/rig04_0001_FKExtraScapula_L/rig04_0001_FKScapula_L" index="0"]
bones/3/rotation = Quaternion(0.134216, -0.145065, 0.105805, 0.97455)
bones/8/rotation = Quaternion(-0.236683, 0.0592178, 0.057259, 0.968089)

[node name="rig04_0001_FKParentConstraintToWrist_R" parent="rig04_0001_Group/rig04_0001_MotionSystem/rig04_0001_FKSystem" index="1"]
transform = Transform3D(-0.101378, -0.0977998, -0.990029, -0.746884, 0.664867, 0.0108012, 0.657181, 0.740532, -0.140448, -0.167278, 0.966086, 0.365778)

[node name="rig04_0001_FKParentConstraintToRoot_M" parent="rig04_0001_Group/rig04_0001_MotionSystem/rig04_0001_FKSystem" index="2"]
transform = Transform3D(0.0992239, 0.0394411, 0.994284, 0.588968, -0.807714, -0.0267354, 0.802042, 0.588253, -0.103374, 0.0241398, 1.00017, 0.147969)

[node name="rig04_0001_FKOffsetRoot_M" parent="rig04_0001_Group/rig04_0001_MotionSystem/rig04_0001_FKSystem" index="3"]
transform = Transform3D(-0.00180077, -0.00973292, 0.999951, 0.657784, -0.753181, -0.00614643, 0.753204, 0.657741, 0.00775847, 0.0319736, 0.994853, 0.15188)

[node name="rig04_0001_HipSwinger_M" parent="rig04_0001_Group/rig04_0001_MotionSystem/rig04_0001_FKSystem/rig04_0001_FKOffsetRoot_M/rig04_0001_FKExtraRoot_M/rig04_0001_FKRoot_M/rig04_0001_HipSwingerOffset_M" index="0"]
transform = Transform3D(1, 0, 0, 0, 1, 0, 0, 0, 1, 0, 0, 1.26218e-31)

[node name="rig04_0001_HipSwingReversePart1" parent="rig04_0001_Group/rig04_0001_MotionSystem/rig04_0001_FKSystem/rig04_0001_FKOffsetRoot_M/rig04_0001_FKExtraRoot_M/rig04_0001_FKRoot_M/rig04_0001_HipSwingReverse" index="0"]
transform = Transform3D(1, 0, 0, 0, 1, 0, 0, 0, 1, -0.0518589, 0, 0)

[node name="rig04_0001_HipSwingReversePart2" parent="rig04_0001_Group/rig04_0001_MotionSystem/rig04_0001_FKSystem/rig04_0001_FKOffsetRoot_M/rig04_0001_FKExtraRoot_M/rig04_0001_FKRoot_M/rig04_0001_HipSwingReverse/rig04_0001_HipSwingReversePart1" index="0"]
transform = Transform3D(1, 0, 0, 0, 1, 0, 0, 0, 1, -0.0518589, 0, 0)

[node name="rig04_0001_HipSwingReverseXPart1" parent="rig04_0001_Group/rig04_0001_MotionSystem/rig04_0001_FKSystem/rig04_0001_FKOffsetRoot_M/rig04_0001_FKExtraRoot_M/rig04_0001_FKRoot_M/rig04_0001_HipSwingReverse" index="1"]
transform = Transform3D(1, 0, 0, 0, 1, 0, 0, 0, 1, -0.0518589, 0, 0)

[node name="rig04_0001_HipSwingReverseXPart2" parent="rig04_0001_Group/rig04_0001_MotionSystem/rig04_0001_FKSystem/rig04_0001_FKOffsetRoot_M/rig04_0001_FKExtraRoot_M/rig04_0001_FKRoot_M/rig04_0001_HipSwingReverse" index="2"]
transform = Transform3D(1, 0, 0, 0, 1, 0, 0, 0, 1, -0.103718, 0, 6.31089e-32)

[node name="rig04_0001_InbetweenRootPart0_M" parent="rig04_0001_Group/rig04_0001_MotionSystem/rig04_0001_FKSystem/rig04_0001_FKOffsetRoot_M/rig04_0001_InbetweenRoot_M" index="0"]
transform = Transform3D(1, 0, 0, 0, 1, 0, 0, 0, 1, 0, 0, 0)

[node name="rig04_0001_InbetweenRootPart1_M" parent="rig04_0001_Group/rig04_0001_MotionSystem/rig04_0001_FKSystem/rig04_0001_FKOffsetRoot_M/rig04_0001_InbetweenRoot_M/rig04_0001_InbetweenRootPart0_M" index="0"]
transform = Transform3D(1, 0, 0, 0, 1, 0, 0, 0, 0.999999, 0, 1.77636e-17, 0)

[node name="rig04_0001_InbetweenRootPart2_M" parent="rig04_0001_Group/rig04_0001_MotionSystem/rig04_0001_FKSystem/rig04_0001_FKOffsetRoot_M/rig04_0001_InbetweenRoot_M/rig04_0001_InbetweenRootPart0_M/rig04_0001_InbetweenRootPart1_M" index="0"]
transform = Transform3D(1, 0, 0, 0, 1, 0, 0, 0, 1, 0, 0, 0)

[node name="rig04_0001_FKParentConstraintToWrist_L" parent="rig04_0001_Group/rig04_0001_MotionSystem/rig04_0001_FKSystem" index="4"]
transform = Transform3D(-0.211741, -0.314936, -0.925193, 0.97234, 0.0276065, -0.231928, 0.0985837, -0.948712, 0.300379, 0.335299, 0.950547, 0.231045)

[node name="rig04_0001_IKParentConstraintShoulder_R" parent="rig04_0001_Group/rig04_0001_MotionSystem/rig04_0001_IKSystem/rig04_0001_IKJoints" index="0"]
transform = Transform3D(-0.898114, -0.260026, -0.354649, -0.1038, -0.658325, 0.745542, -0.427334, 0.706395, 0.564261, -0.0126114, 1.26704, 0.368862)

[node name="Skeleton3D" parent="rig04_0001_Group/rig04_0001_MotionSystem/rig04_0001_IKSystem/rig04_0001_IKJoints/rig04_0001_IKParentConstraintShoulder_R/rig04_0001_IKXOffsetShoulder_R" index="0"]
bones/0/rotation = Quaternion(0.17823, 0.0348002, -0.202671, 0.962262)
bones/4/rotation = Quaternion(0.541071, 0.270379, 0.495438, 0.623441)

[node name="rig04_0001_IKParentConstraintHip_R" parent="rig04_0001_Group/rig04_0001_MotionSystem/rig04_0001_IKSystem/rig04_0001_IKJoints" index="1"]
transform = Transform3D(0.099224, 0.0394412, 0.994284, 0.58896, -0.807719, -0.0267344, 0.802048, 0.588246, -0.103375, 0.0241398, 1.00017, 0.147969)

[node name="Skeleton3D" parent="rig04_0001_Group/rig04_0001_MotionSystem/rig04_0001_IKSystem/rig04_0001_IKJoints/rig04_0001_IKParentConstraintHip_R/rig04_0001_IKXOffsetHip_R" index="0"]
bones/0/rotation = Quaternion(0.116267, -0.0923177, 0.669037, 0.72825)
bones/2/rotation = Quaternion(-1.06663e-15, 2.00062e-15, -0.585604, 0.810598)
bones/4/rotation = Quaternion(0.0446855, -0.0194986, 0.2215, 0.973941)

[node name="Skeleton3D" parent="rig04_0001_Group/rig04_0001_MotionSystem/rig04_0001_IKSystem/rig04_0001_IKJoints/rig04_0001_IKParentConstraintRoot_M/rig04_0001_IKXOffsetRoot_M" index="0"]
bones/0/position = Vector3(-0.176277, 0.180686, 0.0319736)
bones/0/rotation = Quaternion(-0.00485867, -0.000941851, 0.365736, 0.930705)

[node name="Skeleton3D" parent="rig04_0001_Group/rig04_0001_MotionSystem/rig04_0001_IKSystem/rig04_0001_IKJoints/rig04_0001_IKParentConstraintRoot_M" index="1"]
bones/0/rotation = Quaternion(-0.00485868, -0.000941854, 0.365736, 0.930705)

[node name="rig04_0001_IKParentConstraintShoulder_L" parent="rig04_0001_Group/rig04_0001_MotionSystem/rig04_0001_IKSystem/rig04_0001_IKJoints" index="3"]
transform = Transform3D(-0.903294, -0.240922, -0.354988, 0.114854, 0.661435, -0.741156, 0.413362, -0.710253, -0.5698, 0.0765282, 1.26649, 0.369554)

[node name="Skeleton3D" parent="rig04_0001_Group/rig04_0001_MotionSystem/rig04_0001_IKSystem/rig04_0001_IKJoints/rig04_0001_IKParentConstraintShoulder_L/rig04_0001_IKXOffsetShoulder_L" index="0"]
bones/0/rotation = Quaternion(0.144647, 0.116063, -0.20035, 0.962012)
bones/4/rotation = Quaternion(0.538531, 0.2055, 0.550626, 0.603792)

[node name="rig04_0001_IKParentConstraintHip_L" parent="rig04_0001_Group/rig04_0001_MotionSystem/rig04_0001_IKSystem/rig04_0001_IKJoints" index="4"]
transform = Transform3D(0.099224, 0.0394412, 0.994284, 0.58896, -0.807719, -0.0267344, 0.802048, 0.588246, -0.103375, 0.0241398, 1.00017, 0.147969)

[node name="Skeleton3D" parent="rig04_0001_Group/rig04_0001_MotionSystem/rig04_0001_IKSystem/rig04_0001_IKJoints/rig04_0001_IKParentConstraintHip_L/rig04_0001_IKXOffsetHip_L" index="0"]
bones/0/rotation = Quaternion(-0.0591245, -0.137505, 0.708072, 0.690095)
bones/2/rotation = Quaternion(-1.23543e-15, 1.60525e-15, -0.722134, 0.691754)
bones/4/rotation = Quaternion(0.0906714, 0.0895925, 0.225679, 0.965827)

[node name="rig04_0001_IKSpSpine2Offset_M" parent="rig04_0001_Group/rig04_0001_MotionSystem/rig04_0001_IKSystem/rig04_0001_IKJoints" index="5"]
transform = Transform3D(0.0992239, 0.0394411, 0.994284, 0.588968, -0.807714, -0.0267354, 0.802042, 0.588253, -0.103374, 0.0241398, 1.00017, 0.147969)

[node name="rig04_0001_IKSpRootPart1FollowOffset_M" parent="rig04_0001_Group/rig04_0001_MotionSystem/rig04_0001_IKSystem/rig04_0001_IKJoints/rig04_0001_IKSpSpine2Offset_M" index="1"]
transform = Transform3D(1, 0, 0, 0, 1, 0, 0, 0, 1, 0, 0, 0)

[node name="rig04_0001_IKSpRootPart2FollowOffset_M" parent="rig04_0001_Group/rig04_0001_MotionSystem/rig04_0001_IKSystem/rig04_0001_IKJoints/rig04_0001_IKSpSpine2Offset_M" index="2"]
transform = Transform3D(1, 0, 0, 0, 1, 0, 0, 0, 1, 0, 0, 0)

[node name="rig04_0001_IKSpSpine1FollowOffset_M" parent="rig04_0001_Group/rig04_0001_MotionSystem/rig04_0001_IKSystem/rig04_0001_IKJoints/rig04_0001_IKSpSpine2Offset_M" index="3"]
transform = Transform3D(1, 0, 0, 0, 1, 0, 0, 0, 1, 0, 0, 0)

[node name="rig04_0001_IKSpSpine1Part1FollowOffset_M" parent="rig04_0001_Group/rig04_0001_MotionSystem/rig04_0001_IKSystem/rig04_0001_IKJoints/rig04_0001_IKSpSpine2Offset_M" index="4"]
transform = Transform3D(1, 0, 0, 0, 1, 0, 0, 0, 1, 0, 0, 0)

[node name="rig04_0001_IKSpSpine1Part2FollowOffset_M" parent="rig04_0001_Group/rig04_0001_MotionSystem/rig04_0001_IKSystem/rig04_0001_IKJoints/rig04_0001_IKSpSpine2Offset_M" index="5"]
transform = Transform3D(1, 0, 0, 0, 1, 0, 0, 0, 1, 0, 0, 0)

[node name="rig04_0001_IKSpChestFollowOffset_M" parent="rig04_0001_Group/rig04_0001_MotionSystem/rig04_0001_IKSystem/rig04_0001_IKJoints/rig04_0001_IKSpSpine2Offset_M" index="6"]
transform = Transform3D(1, 0, 0, 0, 1, 0, 0, 0, 1, 0, 0, 0)

[node name="Skeleton3D" parent="rig04_0001_Group/rig04_0001_MotionSystem/rig04_0001_IKSystem/rig04_0001_IKJoints/rig04_0001_IKAcSpine2Offset_M" index="0"]
bones/0/position = Vector3(-0.176277, 0.180686, 0.0319736)
bones/0/rotation = Quaternion(-0.00485867, -0.000941851, 0.365736, 0.930705)
bones/2/position = Vector3(-0.138291, 0.21599, 0.0318802)
bones/2/rotation = Quaternion(-0.00485884, -0.00094197, 0.365709, 0.930716)
bones/3/position = Vector3(-0.100305, 0.251294, 0.0317868)
bones/3/rotation = Quaternion(-0.00483007, -0.0010799, 0.339063, 0.94075)
bones/4/position = Vector3(-0.060371, 0.284379, 0.0317222)
bones/4/rotation = Quaternion(-0.00466024, -0.00166668, 0.220596, 0.975353)
bones/5/position = Vector3(-0.0200417, 0.303608, 0.0317755)
bones/5/rotation = Quaternion(-0.00460582, -0.00181113, 0.190084, 0.981755)
bones/6/position = Vector3(0.0214078, 0.320285, 0.0318561)
bones/6/rotation = Quaternion(-0.00460581, -0.00181115, 0.19008, 0.981756)
bones/7/position = Vector3(0.0620299, 0.336629, 0.0319351)
bones/7/rotation = Quaternion(-0.00485867, -0.000941851, 0.365736, 0.930705)

[node name="rig04_0001_IKAcPociXformRoot_M" parent="rig04_0001_Group/rig04_0001_MotionSystem/rig04_0001_IKSystem/rig04_0001_IKJoints/rig04_0001_IKAcSpine2Offset3_M" index="0"]
transform = Transform3D(1, 0, 0, 0, 1, 0, 0, 0, 1, 0.0319736, 0.994853, 0.15188)

[node name="rig04_0001_IKAcPociXformRootPart1_M" parent="rig04_0001_Group/rig04_0001_MotionSystem/rig04_0001_IKSystem/rig04_0001_IKJoints/rig04_0001_IKAcSpine2Offset3_M" index="1"]
transform = Transform3D(1, 0, 0, 0, 1, 0, 0, 0, 1, 0.0318802, 1.02897, 0.19094)

[node name="rig04_0001_IKAcPociXformRootPart2_M" parent="rig04_0001_Group/rig04_0001_MotionSystem/rig04_0001_IKSystem/rig04_0001_IKJoints/rig04_0001_IKAcSpine2Offset3_M" index="2"]
transform = Transform3D(1, 0, 0, 0, 1, 0, 0, 0, 1, 0.0317868, 1.06308, 0.229999)

[node name="rig04_0001_IKAcPociXformSpine1_M" parent="rig04_0001_Group/rig04_0001_MotionSystem/rig04_0001_IKSystem/rig04_0001_IKJoints/rig04_0001_IKAcSpine2Offset3_M" index="3"]
transform = Transform3D(1, 0, 0, 0, 1, 0, 0, 0, 1, 0.0317222, 1.09936, 0.267053)

[node name="rig04_0001_IKAcPociXformSpine1Part1_M" parent="rig04_0001_Group/rig04_0001_MotionSystem/rig04_0001_IKSystem/rig04_0001_IKJoints/rig04_0001_IKAcSpine2Offset3_M" index="4"]
transform = Transform3D(1, 0, 0, 0, 1, 0, 0, 0, 1, 0.0317755, 1.13747, 0.290368)

[node name="rig04_0001_IKAcPociXformSpine1Part2_M" parent="rig04_0001_Group/rig04_0001_MotionSystem/rig04_0001_IKSystem/rig04_0001_IKJoints/rig04_0001_IKAcSpine2Offset3_M" index="5"]
transform = Transform3D(1, 0, 0, 0, 1, 0, 0, 0, 1, 0.0318561, 1.17697, 0.311261)

[node name="rig04_0001_IKAcPociXformChest_M" parent="rig04_0001_Group/rig04_0001_MotionSystem/rig04_0001_IKSystem/rig04_0001_IKJoints/rig04_0001_IKAcSpine2Offset3_M" index="6"]
transform = Transform3D(1, 0, 0, 0, 1, 0, 0, 0, 1, 0.0319351, 1.21567, 0.331737)

[node name="rig04_0001_IKAcSpine2Offset2_M" parent="rig04_0001_Group/rig04_0001_MotionSystem/rig04_0001_IKSystem/rig04_0001_IKJoints" index="8"]
transform = Transform3D(0.0992239, 0.0394411, 0.994284, 0.588968, -0.807714, -0.0267354, 0.802042, 0.588253, -0.103374, 0.0241398, 1.00017, 0.147969)

[node name="rig04_0001_IKAcRootPart1FollowOffset_M" parent="rig04_0001_Group/rig04_0001_MotionSystem/rig04_0001_IKSystem/rig04_0001_IKJoints/rig04_0001_IKAcSpine2Offset2_M" index="0"]
transform = Transform3D(1, 0, 0, 0, 1, 0, 0, 0, 1, 0, 0, 0)

[node name="rig04_0001_IKAcRootPart2FollowOffset_M" parent="rig04_0001_Group/rig04_0001_MotionSystem/rig04_0001_IKSystem/rig04_0001_IKJoints/rig04_0001_IKAcSpine2Offset2_M" index="1"]
transform = Transform3D(1, 0, 0, 0, 1, 0, 0, 0, 1, 0, 0, 0)

[node name="rig04_0001_IKAcSpine1FollowOffset_M" parent="rig04_0001_Group/rig04_0001_MotionSystem/rig04_0001_IKSystem/rig04_0001_IKJoints/rig04_0001_IKAcSpine2Offset2_M" index="2"]
transform = Transform3D(1, 0, 0, 0, 1, 0, 0, 0, 1, 0, 0, 0)

[node name="rig04_0001_IKAcSpine1Part1FollowOffset_M" parent="rig04_0001_Group/rig04_0001_MotionSystem/rig04_0001_IKSystem/rig04_0001_IKJoints/rig04_0001_IKAcSpine2Offset2_M" index="3"]
transform = Transform3D(1, 0, 0, 0, 1, 0, 0, 0, 1, 0, 0, 0)

[node name="rig04_0001_IKAcSpine1Part2FollowOffset_M" parent="rig04_0001_Group/rig04_0001_MotionSystem/rig04_0001_IKSystem/rig04_0001_IKJoints/rig04_0001_IKAcSpine2Offset2_M" index="4"]
transform = Transform3D(1, 0, 0, 0, 1, 0, 0, 0, 1, 0, 0, 0)

[node name="rig04_0001_IKAcChestFollowOffset_M" parent="rig04_0001_Group/rig04_0001_MotionSystem/rig04_0001_IKSystem/rig04_0001_IKJoints/rig04_0001_IKAcSpine2Offset2_M" index="5"]
transform = Transform3D(1, 0, 0, 0, 1, 0, 0, 0, 1, 0, 0, 0)

[node name="rig04_0001_IKcvOffsetSpine21_M" parent="rig04_0001_Group/rig04_0001_MotionSystem/rig04_0001_IKSystem/rig04_0001_IKHandle/rig04_0001_IKHandleFollowMain" index="2"]
transform = Transform3D(0.999951, -0.000779643, -0.00986779, -0.00614654, 0.732506, -0.680734, 0.00775893, 0.680762, 0.732465, 0.0318802, 1.02897, 0.19094)

[node name="rig04_0001_IKcvOffsetSpine22_M" parent="rig04_0001_Group/rig04_0001_MotionSystem/rig04_0001_IKSystem/rig04_0001_IKHandle/rig04_0001_IKHandleFollowMain" index="3"]
transform = Transform3D(0.999951, -0.000779643, -0.00986779, -0.00614654, 0.732506, -0.680734, 0.00775893, 0.680762, 0.732465, 0.0317868, 1.06308, 0.229999)

[node name="rig04_0001_IKcvOffsetSpine23_M" parent="rig04_0001_Group/rig04_0001_MotionSystem/rig04_0001_IKSystem/rig04_0001_IKHandle/rig04_0001_IKHandleFollowMain" index="4"]
transform = Transform3D(0.999951, -0.000779643, -0.00986779, -0.00614654, 0.732506, -0.680734, 0.00775893, 0.680762, 0.732465, 0.0316933, 1.09719, 0.269059)

[node name="rig04_0001_IKcvOffsetSpine24_M" parent="rig04_0001_Group/rig04_0001_MotionSystem/rig04_0001_IKSystem/rig04_0001_IKHandle/rig04_0001_IKHandleFollowMain" index="5"]
transform = Transform3D(0.999951, -0.000779643, -0.00986779, -0.00614654, 0.732506, -0.680734, 0.00775893, 0.680762, 0.732465, 0.0317739, 1.13668, 0.289951)

[node name="rig04_0001_IKcvOffsetSpine25_M" parent="rig04_0001_Group/rig04_0001_MotionSystem/rig04_0001_IKSystem/rig04_0001_IKHandle/rig04_0001_IKHandleFollowMain" index="6"]
transform = Transform3D(0.999951, -0.000779643, -0.00986779, -0.00614654, 0.732506, -0.680734, 0.00775893, 0.680762, 0.732465, 0.0318545, 1.17618, 0.310844)

[node name="rig04_0001_IKOffsetSpine22_M" parent="rig04_0001_Group/rig04_0001_MotionSystem/rig04_0001_IKSystem/rig04_0001_IKHandle/rig04_0001_IKHandleFollowMain" index="7"]
transform = Transform3D(0.999951, -0.000779643, -0.00986779, -0.00614654, 0.732506, -0.680734, 0.00775893, 0.680762, 0.732465, 0.0317269, 1.09087, 0.25973)

[node name="rig04_0001_IKOffsetConstrainedSpine21_M" parent="rig04_0001_Group/rig04_0001_MotionSystem/rig04_0001_IKSystem/rig04_0001_IKHandle/rig04_0001_IKHandleFollowMain" index="8"]
transform = Transform3D(0.999951, -0.000779643, -0.00986779, -0.00614654, 0.732506, -0.680734, 0.00775893, 0.680762, 0.732465, 0.0319736, 0.994853, 0.15188)

[node name="rig04_0001_IKFollowEndSpine21_M" parent="rig04_0001_Group/rig04_0001_MotionSystem/rig04_0001_IKSystem/rig04_0001_IKHandle/rig04_0001_IKHandleFollowMain/rig04_0001_IKFollowEndSpine2_M" index="0"]
transform = Transform3D(0.999951, -0.000779643, -0.00986779, -0.00614654, 0.732506, -0.680734, 0.00775893, 0.680762, 0.732465, 0.0319736, 0.994853, 0.15188)

[node name="rig04_0001_IKFollowEndSpine23_M" parent="rig04_0001_Group/rig04_0001_MotionSystem/rig04_0001_IKSystem/rig04_0001_IKHandle/rig04_0001_IKHandleFollowMain/rig04_0001_IKFollowEndSpine2_M" index="1"]
transform = Transform3D(0.999951, -0.000779643, -0.00986779, -0.00614654, 0.732506, -0.680734, 0.00775893, 0.680762, 0.732465, 0.0319351, 1.21567, 0.331737)

[node name="rig04_0001_IKLeg_R" parent="rig04_0001_Group/rig04_0001_MotionSystem/rig04_0001_IKSystem/rig04_0001_IKHandle/rig04_0001_IKHandleFollowMain/rig04_0001_IKOffsetLeg_R/rig04_0001_IKExtraLeg_R" index="0"]
transform = Transform3D(0.989159, 0.135082, -0.0575983, -0.138735, 0.988194, -0.0649976, 0.0481383, 0.0722838, 0.996222, -0.00842383, 0.0067263, 0.117233)

[node name="rig04_0001_PoleOffsetLeg_R" parent="rig04_0001_Group/rig04_0001_MotionSystem/rig04_0001_IKSystem/rig04_0001_IKHandle/rig04_0001_IKHandleFollowMain" index="11"]
transform = Transform3D(0.996308, 0.0665563, -0.0542238, -0.0688787, 0.996734, -0.0421488, 0.0512414, 0.045728, 0.997639, 0.0637358, 0.539339, 1.06283)

[node name="rig04_0001_PoleLeg_R" parent="rig04_0001_Group/rig04_0001_MotionSystem/rig04_0001_IKSystem/rig04_0001_IKHandle/rig04_0001_IKHandleFollowMain/rig04_0001_PoleOffsetLeg_R/rig04_0001_PoleExtraLeg_R" index="0"]
transform = Transform3D(1, 0, 0, 0, 1, 0, 0, 0, 1, -0.113841, -0.00101005, -0.00120195)

[node name="rig04_0001_PoleAimLeg_R" parent="rig04_0001_Group/rig04_0001_MotionSystem/rig04_0001_IKSystem/rig04_0001_IKHandle/rig04_0001_IKHandleFollowMain" index="12"]
transform = Transform3D(-0.174778, -0.0377567, -0.983883, -0.982946, -0.0513238, 0.176582, -0.0571638, 0.997968, -0.0281425, 0.0241398, 1.00017, 0.147969)

[node name="rig04_0001_IKLeg_L" parent="rig04_0001_Group/rig04_0001_MotionSystem/rig04_0001_IKSystem/rig04_0001_IKHandle/rig04_0001_IKHandleFollowMain/rig04_0001_IKOffsetLeg_L/rig04_0001_IKExtraLeg_L" index="0"]
transform = Transform3D(0.993965, -0.026598, 0.106427, 0.0553159, 0.959314, -0.27687, -0.0947323, 0.281086, 0.954996, 0.0825209, 0.119896, 0.0420621)

[node name="rig04_0001_PoleOffsetLeg_L" parent="rig04_0001_Group/rig04_0001_MotionSystem/rig04_0001_IKSystem/rig04_0001_IKHandle/rig04_0001_IKHandleFollowMain" index="16"]
transform = Transform3D(0.986862, -0.127995, 0.0985941, 0.141662, 0.978924, -0.147101, -0.077688, 0.159136, 0.984195, 0.0524163, 0.440595, 1.00612)

[node name="rig04_0001_PoleLeg_L" parent="rig04_0001_Group/rig04_0001_MotionSystem/rig04_0001_IKSystem/rig04_0001_IKHandle/rig04_0001_IKHandleFollowMain/rig04_0001_PoleOffsetLeg_L/rig04_0001_PoleExtraLeg_L" index="0"]
transform = Transform3D(1, 0, 0, 0, 1, 0, 0, 0, 1, -0.023013, 0.200763, -0.101856)

[node name="rig04_0001_PoleAimLeg_L" parent="rig04_0001_Group/rig04_0001_MotionSystem/rig04_0001_IKSystem/rig04_0001_IKHandle/rig04_0001_IKHandleFollowMain" index="17"]
transform = Transform3D(-0.234633, -0.0827797, -0.968553, 0.956617, 0.157368, -0.245192, 0.172716, -0.984064, 0.0422647, 0.0241398, 1.00017, 0.147969)

[node name="rig04_0001_IKOffsetArm_RFollowNoScaleOffset" parent="rig04_0001_Group/rig04_0001_MotionSystem/rig04_0001_IKSystem/rig04_0001_IKFollow" index="0"]
transform = Transform3D(-0.898115, -0.260026, -0.354649, -0.1038, -0.658325, 0.745542, -0.427335, 0.706395, 0.564262, -0.0126114, 1.26704, 0.368862)

[node name="rig04_0001_IKOffsetArm_RFollow" parent="rig04_0001_Group/rig04_0001_MotionSystem/rig04_0001_IKSystem/rig04_0001_IKFollow/rig04_0001_IKOffsetArm_RFollowOffset" index="0"]
transform = Transform3D(0.999951, -0.000779643, -0.00986779, -0.00614654, 0.732505, -0.680734, 0.00775893, 0.680761, 0.732465, 0.0324495, -0.156542, 0.149979)

[node name="rig04_0001_IKhybridFollowSpine21_MFollowNoScaleOffset" parent="rig04_0001_Group/rig04_0001_MotionSystem/rig04_0001_IKSystem/rig04_0001_IKFollow" index="4"]
transform = Transform3D(0.999951, -0.000779643, -0.00986779, -0.00614654, 0.732506, -0.680734, 0.00775893, 0.680762, 0.732465, 0.0319736, 0.994853, 0.15188)

[node name="rig04_0001_IKhybridFollowSpine21_MFollow" parent="rig04_0001_Group/rig04_0001_MotionSystem/rig04_0001_IKSystem/rig04_0001_IKFollow/rig04_0001_IKhybridFollowSpine21_MFollowOffset" index="0"]
transform = Transform3D(0.732471, -0.680776, -0.00530715, 0.680794, 0.732426, 0.00835503, -0.00180081, -0.00973291, 0.999951, -0.176277, 0.180686, 0.0319736)

[node name="rig04_0001_PoleOffsetLeg_RFollowNoScaleOffset" parent="rig04_0001_Group/rig04_0001_MotionSystem/rig04_0001_IKSystem/rig04_0001_IKFollow" index="6"]
transform = Transform3D(-0.174778, -0.0377567, -0.983883, -0.982946, -0.0513238, 0.176582, -0.0571638, 0.997968, -0.0281425, 0.0241398, 1.00017, 0.147969)

[node name="rig04_0001_PoleOffsetLeg_RFollow" parent="rig04_0001_Group/rig04_0001_MotionSystem/rig04_0001_IKSystem/rig04_0001_IKFollow/rig04_0001_PoleOffsetLeg_RFollowOffset" index="0"]
transform = Transform3D(0.996308, 0.0665563, -0.0542238, -0.0688787, 0.996734, -0.0421488, 0.0512414, 0.045728, 0.997639, -0.0543364, -0.234716, 0.142407)

[node name="rig04_0001_IKOffsetArm_LFollowNoScaleOffset" parent="rig04_0001_Group/rig04_0001_MotionSystem/rig04_0001_IKSystem/rig04_0001_IKFollow" index="8"]
transform = Transform3D(-0.903295, -0.240921, -0.354989, 0.114873, 0.661405, -0.74118, 0.413358, -0.710282, -0.569768, 0.0765282, 1.26649, 0.369554)

[node name="rig04_0001_IKOffsetArm_LFollow" parent="rig04_0001_Group/rig04_0001_MotionSystem/rig04_0001_IKSystem/rig04_0001_IKFollow/rig04_0001_IKOffsetArm_LFollowOffset" index="0"]
transform = Transform3D(0.999952, -0.000779643, -0.00986778, -0.00614655, 0.732506, -0.680734, 0.00775894, 0.680761, 0.732464, 0.0323537, -0.159828, 0.154125)

[node name="rig04_0001_PoleOffsetLeg_LFollowNoScaleOffset" parent="rig04_0001_Group/rig04_0001_MotionSystem/rig04_0001_IKSystem/rig04_0001_IKFollow" index="12"]
transform = Transform3D(-0.234633, -0.0827797, -0.968553, 0.956617, 0.157368, -0.245192, 0.172716, -0.984064, 0.0422647, 0.0241398, 1.00017, 0.147969)

[node name="rig04_0001_PoleOffsetLeg_LFollow" parent="rig04_0001_Group/rig04_0001_MotionSystem/rig04_0001_IKSystem/rig04_0001_IKFollow/rig04_0001_PoleOffsetLeg_LFollowOffset" index="0"]
transform = Transform3D(0.986862, -0.127995, 0.0985941, 0.141662, 0.978924, -0.147101, -0.077688, 0.159136, 0.984195, 0.170489, -0.33346, 0.0857002)

[node name="rig04_0001_IKmessureLoc1Arm_R" parent="rig04_0001_Group/rig04_0001_MotionSystem/rig04_0001_IKSystem/rig04_0001_IKMessure" index="0"]
transform = Transform3D(1, 0, 0, 0, 1, 0, 0, 0, 1, -0.0622275, 1.26131, 0.345252)

[node name="rig04_0001_IKmessureLoc2Arm_R" parent="rig04_0001_Group/rig04_0001_MotionSystem/rig04_0001_IKSystem/rig04_0001_IKMessure/rig04_0001_IKmessureLoc1Arm_R" index="0"]
transform = Transform3D(1, 0, 0, 0, 1, 0, 0, 0, 1, -0.20507, -0.102211, -0.395788)

[node name="rig04_0001_IKmessureLoc1Leg_R" parent="rig04_0001_Group/rig04_0001_MotionSystem/rig04_0001_IKSystem/rig04_0001_IKMessure" index="2"]
transform = Transform3D(1, 0, 0, 0, 1, 0, 0, 0, 1, -0.0578646, 0.986323, 0.124746)

[node name="rig04_0001_IKmessureLoc2Leg_R" parent="rig04_0001_Group/rig04_0001_MotionSystem/rig04_0001_IKSystem/rig04_0001_IKMessure/rig04_0001_IKmessureLoc1Leg_R" index="0"]
transform = Transform3D(1, 0, 0, 0, 1, 0, 0, 0, 1, -0.0597601, -0.783547, -0.0231273)

[node name="rig04_0001_IKmessureLoc1Arm_L" parent="rig04_0001_Group/rig04_0001_MotionSystem/rig04_0001_IKSystem/rig04_0001_IKMessure" index="4"]
transform = Transform3D(1, 0, 0, 0, 1, 0, 0, 0, 1, 0.12643, 1.26015, 0.346716)

[node name="rig04_0001_IKmessureLoc2Arm_L" parent="rig04_0001_Group/rig04_0001_MotionSystem/rig04_0001_IKSystem/rig04_0001_IKMessure/rig04_0001_IKmessureLoc1Arm_L" index="0"]
transform = Transform3D(1, 0, 0, 0, 1, 0, 0, 0, 1, 0.140867, -0.101051, -0.397252)

[node name="rig04_0001_IKmessureLoc1Leg_L" parent="rig04_0001_Group/rig04_0001_MotionSystem/rig04_0001_IKSystem/rig04_0001_IKMessure" index="6"]
transform = Transform3D(1, 0, 0, 0, 1, 0, 0, 0, 1, 0.0987653, 0.982111, 0.10846)

[node name="rig04_0001_IKmessureLoc2Leg_L" parent="rig04_0001_Group/rig04_0001_MotionSystem/rig04_0001_IKSystem/rig04_0001_IKMessure/rig04_0001_IKmessureLoc1Leg_L" index="0"]
transform = Transform3D(1, 0, 0, 0, 1, 0, 0, 0, 1, 0.0930147, -0.665787, -0.0839679)

[node name="rig04_0001_FKIKParentConstraintArm_R" parent="rig04_0001_Group/rig04_0001_MotionSystem/rig04_0001_FKIKSystem" index="0"]
transform = Transform3D(-0.898115, -0.260026, -0.354649, -0.1038, -0.658325, 0.745542, -0.427335, 0.706395, 0.564262, -0.0126114, 1.26704, 0.368862)

[node name="rig04_0001_FKIKArm_R" parent="rig04_0001_Group/rig04_0001_MotionSystem/rig04_0001_FKIKSystem/rig04_0001_FKIKParentConstraintArm_R" index="0"]
transform = Transform3D(-0.900749, -0.366249, -0.233482, -0.250486, -0.00112951, 0.96812, -0.354836, 0.930516, -0.0907227, 0.186243, 0.0697103, -0.00481354)

[node name="rig04_0001_FKIKParentConstraintLeg_R" parent="rig04_0001_Group/rig04_0001_MotionSystem/rig04_0001_FKIKSystem" index="1"]
transform = Transform3D(0.0992239, 0.0394411, 0.994284, 0.588968, -0.807714, -0.0267354, 0.802042, 0.588253, -0.103374, 0.0241398, 1.00017, 0.147969)

[node name="rig04_0001_FKIKLeg_R" parent="rig04_0001_Group/rig04_0001_MotionSystem/rig04_0001_FKIKSystem/rig04_0001_FKIKParentConstraintLeg_R" index="0"]
transform = Transform3D(1.30661e-07, 0.994589, 0.103885, -9.08196e-09, -0.103885, 0.994589, 1, -1.30898e-07, -4.54098e-09, -0.13184, 0.0415525, -0.20934)

[node name="rig04_0001_FKIKParentConstraintSpine2_M" parent="rig04_0001_Group/rig04_0001_MotionSystem/rig04_0001_FKIKSystem" index="2"]
transform = Transform3D(0.0992239, 0.0394411, 0.994284, 0.588968, -0.807714, -0.0267354, 0.802042, 0.588253, -0.103374, 0.0241398, 1.00017, 0.147969)

[node name="rig04_0001_FKIKSpine2_M" parent="rig04_0001_Group/rig04_0001_MotionSystem/rig04_0001_FKIKSystem/rig04_0001_FKIKParentConstraintSpine2_M" index="0"]
transform = Transform3D(1.30661e-07, 0.994589, 0.103885, -9.08196e-09, -0.103885, 0.994589, 1, -1.30898e-07, -4.54098e-09, 0.105838, 0, 0.238104)

[node name="rig04_0001_FKIKParentConstraintArm_L" parent="rig04_0001_Group/rig04_0001_MotionSystem/rig04_0001_FKIKSystem" index="3"]
transform = Transform3D(-0.903295, -0.240921, -0.354989, 0.114873, 0.661405, -0.74118, 0.413358, -0.710282, -0.569768, 0.0765282, 1.26649, 0.369554)

[node name="rig04_0001_FKIKArm_L" parent="rig04_0001_Group/rig04_0001_MotionSystem/rig04_0001_FKIKSystem/rig04_0001_FKIKParentConstraintArm_L" index="0"]
transform = Transform3D(-0.900749, 0.366249, 0.233482, -0.250486, 0.00112952, -0.96812, -0.354836, -0.930516, 0.0907227, -0.186243, -0.0697103, 0.00481354)

[node name="rig04_0001_FKIKParentConstraintLeg_L" parent="rig04_0001_Group/rig04_0001_MotionSystem/rig04_0001_FKIKSystem" index="4"]
transform = Transform3D(0.0992239, 0.0394411, 0.994284, 0.588968, -0.807714, -0.0267354, 0.802042, 0.588253, -0.103374, 0.0241398, 1.00017, 0.147969)

[node name="rig04_0001_FKIKLeg_L" parent="rig04_0001_Group/rig04_0001_MotionSystem/rig04_0001_FKIKSystem/rig04_0001_FKIKParentConstraintLeg_L" index="0"]
transform = Transform3D(1.30661e-07, 0.994589, 0.103885, -9.08196e-09, -0.103885, 0.994589, 1, -1.30898e-07, -4.54098e-09, -0.13184, 0.0415525, 0.20934)

[node name="rig04_0001_AimFollowEye" parent="rig04_0001_Group/rig04_0001_MotionSystem/rig04_0001_AimSystem/rig04_0001_AimEye/rig04_0001_AimOffsetEye" index="0"]
transform = Transform3D(0.999951, 0.00349078, -0.00926253, -0.00614654, 0.952459, -0.304605, 0.00775888, 0.304647, 0.952433, 0.03002, -0.349667, 0.493865)

[node name="rig04_0001_AimFollowOnEye" parent="rig04_0001_Group/rig04_0001_MotionSystem/rig04_0001_AimSystem/rig04_0001_AimEye/rig04_0001_AimOffsetEye" index="1"]
transform = Transform3D(0.999951, 0.00349078, -0.00926253, -0.00614654, 0.952459, -0.304605, 0.00775888, 0.304647, 0.952433, 0.03002, -0.349667, 0.493865)

[node name="rig04_0001_LegLockConstrained" parent="rig04_0001_Group/rig04_0001_MotionSystem/rig04_0001_RootSystem" index="1"]
transform = Transform3D(0.0992239, 0.0394411, 0.994284, 0.588968, -0.807714, -0.0267354, 0.802042, 0.588253, -0.103374, 0.0241398, 1.00017, 0.147969)

[node name="rig04_0001_RootX_M" parent="rig04_0001_Group/rig04_0001_MotionSystem/rig04_0001_RootSystem/rig04_0001_RootCenterBtwLegsBlended_M/rig04_0001_RootOffsetX_M/rig04_0001_RootExtraX_M" index="0"]
transform = Transform3D(0.999951, -0.000779638, -0.00986779, -0.00614654, 0.732506, -0.680734, 0.00775893, 0.680762, 0.732465, 0.0319736, -0.194094, 0.161395)

[node name="rig04_0001_TwistFollowHead_M" parent="rig04_0001_Group/rig04_0001_MotionSystem/rig04_0001_TwistSystem/rig04_0001_TwistFollowOffsetHead_M" index="0"]
transform = Transform3D(0.952468, -0.304616, -0.00365046, 0.304636, 0.952425, 0.00920078, 0.000674084, -0.00987552, 0.999951, -0.116846, 0.560073, 0.0322933)

[node name="rig04_0001_TwistFollowParentHead_M" parent="rig04_0001_Group/rig04_0001_MotionSystem/rig04_0001_TwistSystem/rig04_0001_TwistFollowParentOffsetHead_M" index="0"]
transform = Transform3D(0.732459, -0.680763, -0.00806792, 0.680808, 0.732439, 0.00573422, 0.00200562, -0.00969278, 0.999952, -0.376307, 0.339191, 0.0320955)

[node name="rig04_0001_TwistFollowSpine22_M" parent="rig04_0001_Group/rig04_0001_MotionSystem/rig04_0001_TwistSystem/rig04_0001_TwistFollowOffsetSpine22_M" index="0"]
transform = Transform3D(0.732471, -0.680776, -0.00530715, 0.680794, 0.732426, 0.00835503, -0.00180081, -0.00973291, 0.999951, -0.213968, 0.279352, 0.0317269)

