[gd_scene load_steps=26 format=3 uid="uid://dit45cnjx68ie"]

[ext_resource type="PackedScene" uid="uid://dfi3off64iusc" path="res://assets/player_character/valerie_anim02/PC RIG.fbx" id="1_l433w"]
[ext_resource type="Script" uid="uid://c66nvjg5ps52s" path="res://scenes/valerie.gd" id="2_7i0dl"]
[ext_resource type="Animation" uid="uid://ctmr4ax23gnf" path="res://assets/player_character/valerie_anim02/02GLIDE.res" id="2_riskd"]
[ext_resource type="Animation" uid="uid://dpug8gpjmrdbe" path="res://assets/player_character/valerie_anim02/04TURNRIGHT.res" id="3_7i0dl"]
[ext_resource type="Animation" uid="uid://qdkc50uakcwg" path="res://assets/player_character/valerie_anim02/06TURNLEFT.res" id="4_fcl0u"]
[ext_resource type="Animation" uid="uid://66c2gaorh0gj" path="res://assets/player_character/valerie_anim02/IDLE.res" id="5_ropus"]
[ext_resource type="Animation" uid="uid://ceyopkidb7iui" path="res://assets/player_character/valerie_anim02/SKATECYCLE.res" id="6_682pp"]

[sub_resource type="AnimationLibrary" id="AnimationLibrary_xr7e8"]
_data = {
&"02GLIDE": ExtResource("2_riskd"),
&"04TURNRIGHT": ExtResource("3_7i0dl"),
&"06TURNLEFT": ExtResource("4_fcl0u"),
&"IDLE": ExtResource("5_ropus"),
&"SKATECYCLE": ExtResource("6_682pp")
}

[sub_resource type="AnimationNodeAnimation" id="AnimationNodeAnimation_ropus"]
animation = &"valerie_anim02/02GLIDE"

[sub_resource type="AnimationNodeAnimation" id="AnimationNodeAnimation_682pp"]
animation = &"valerie_anim02/04TURNRIGHT"

[sub_resource type="AnimationNodeAnimation" id="AnimationNodeAnimation_riskd"]
animation = &"valerie_anim02/06TURNLEFT"

[sub_resource type="AnimationNodeAnimation" id="AnimationNodeAnimation_xr7e8"]
animation = &"valerie_anim02/IDLE"

[sub_resource type="AnimationNodeAnimation" id="AnimationNodeAnimation_7i0dl"]
animation = &"valerie_anim02/IDLE"

[sub_resource type="AnimationNodeAnimation" id="AnimationNodeAnimation_fcl0u"]
animation = &"valerie_anim02/SKATECYCLE"

[sub_resource type="AnimationNodeStateMachineTransition" id="AnimationNodeStateMachineTransition_682pp"]
xfade_time = 0.1
advance_mode = 2
advance_expression = "parent_model.current_state == parent_model.states[\"skate\"]"

[sub_resource type="AnimationNodeStateMachineTransition" id="AnimationNodeStateMachineTransition_riskd"]
xfade_time = 0.1
advance_mode = 2
advance_expression = "parent_model.current_state == parent_model.states[\"idle\"]"

[sub_resource type="AnimationNodeStateMachineTransition" id="AnimationNodeStateMachineTransition_7i0dl"]
advance_mode = 2

[sub_resource type="AnimationNodeStateMachineTransition" id="AnimationNodeStateMachineTransition_v0c5h"]
xfade_time = 0.3
advance_mode = 2
advance_expression = "parent_model.current_state.turning_direction == \"left\""

[sub_resource type="AnimationNodeStateMachineTransition" id="AnimationNodeStateMachineTransition_fa7ah"]
xfade_time = 0.2
advance_mode = 2
advance_expression = "parent_model.current_state.turning_direction == \"straight\""

[sub_resource type="AnimationNodeStateMachineTransition" id="AnimationNodeStateMachineTransition_b0yvp"]
xfade_time = 0.3
advance_mode = 2
advance_expression = "parent_model.current_state.turning_direction == \"right\""

[sub_resource type="AnimationNodeStateMachineTransition" id="AnimationNodeStateMachineTransition_bfm4i"]
xfade_time = 0.2
advance_mode = 2
advance_expression = "parent_model.current_state.turning_direction == \"straight\""

[sub_resource type="Curve" id="Curve_riskd"]
_data = [Vector2(0, 0), 0.0, 0.0, 0, 0, Vector2(0.246544, 0.014461), 0.0, 0.0, 0, 0, Vector2(1, 1), 0.0, 0.0, 0, 0]
point_count = 3

[sub_resource type="AnimationNodeStateMachineTransition" id="AnimationNodeStateMachineTransition_0pvkb"]
xfade_time = 0.5
xfade_curve = SubResource("Curve_riskd")
advance_mode = 2
advance_expression = "parent_model.current_state.is_gliding"

[sub_resource type="AnimationNodeStateMachineTransition" id="AnimationNodeStateMachineTransition_tiysj"]
xfade_time = 0.1
advance_mode = 2
advance_expression = "!parent_model.current_state.is_gliding"

[sub_resource type="AnimationNodeStateMachine" id="AnimationNodeStateMachine_xr7e8"]
states/End/position = Vector2(1425, 174)
states/Start/position = Vector2(17, 174)
states/valerie_anim02_02GLIDE/node = SubResource("AnimationNodeAnimation_ropus")
states/valerie_anim02_02GLIDE/position = Vector2(1117, 363)
states/valerie_anim02_04TURNRIGHT/node = SubResource("AnimationNodeAnimation_682pp")
states/valerie_anim02_04TURNRIGHT/position = Vector2(1027, 174)
states/valerie_anim02_06TURNLEFT/node = SubResource("AnimationNodeAnimation_riskd")
states/valerie_anim02_06TURNLEFT/position = Vector2(764, 62)
states/valerie_anim02_IDLE/node = SubResource("AnimationNodeAnimation_7i0dl")
states/valerie_anim02_IDLE/position = Vector2(210, 174)
"states/valerie_anim02_IDLE 2/node" = SubResource("AnimationNodeAnimation_xr7e8")
"states/valerie_anim02_IDLE 2/position" = Vector2(764, 285)
states/valerie_anim02_SKATECYCLE/node = SubResource("AnimationNodeAnimation_fcl0u")
states/valerie_anim02_SKATECYCLE/position = Vector2(544, 174)
transitions = ["valerie_anim02_IDLE", "valerie_anim02_SKATECYCLE", SubResource("AnimationNodeStateMachineTransition_682pp"), "valerie_anim02_SKATECYCLE", "valerie_anim02_IDLE", SubResource("AnimationNodeStateMachineTransition_riskd"), "Start", "valerie_anim02_IDLE", SubResource("AnimationNodeStateMachineTransition_7i0dl"), "valerie_anim02_SKATECYCLE", "valerie_anim02_06TURNLEFT", SubResource("AnimationNodeStateMachineTransition_v0c5h"), "valerie_anim02_06TURNLEFT", "valerie_anim02_SKATECYCLE", SubResource("AnimationNodeStateMachineTransition_fa7ah"), "valerie_anim02_SKATECYCLE", "valerie_anim02_04TURNRIGHT", SubResource("AnimationNodeStateMachineTransition_b0yvp"), "valerie_anim02_04TURNRIGHT", "valerie_anim02_SKATECYCLE", SubResource("AnimationNodeStateMachineTransition_bfm4i"), "valerie_anim02_SKATECYCLE", "valerie_anim02_IDLE 2", SubResource("AnimationNodeStateMachineTransition_0pvkb"), "valerie_anim02_IDLE 2", "valerie_anim02_SKATECYCLE", SubResource("AnimationNodeStateMachineTransition_tiysj")]
graph_offset = Vector2(-81.848, -132)

[node name="Valerie01" instance=ExtResource("1_l433w")]
script = ExtResource("2_7i0dl")

[node name="rig04_0001_FitSkeleton" parent="rig04_0001_Group" index="0"]
visible = false

[node name="rig04_0001_MotionSystem" parent="rig04_0001_Group" index="1"]
visible = false

[node name="rig04_0001_FKParentConstraintToChest_M" parent="rig04_0001_Group/rig04_0001_MotionSystem/rig04_0001_FKSystem" index="0"]
transform = Transform3D(-0.00450341, -0.000976736, 0.99999, 0.993861, -0.110552, 0.00436783, 0.110546, 0.99387, 0.0014686, 0.0522301, 1.36778, 0.0437611)

[node name="rig04_0001_FKScapula_R" parent="rig04_0001_Group/rig04_0001_MotionSystem/rig04_0001_FKSystem/rig04_0001_FKParentConstraintToChest_M/rig04_0001_FKOffsetScapula_R/rig04_0001_FKExtraScapula_R" index="0"]
transform = Transform3D(0.982311, -0.183452, 0.03754, 0.182415, 0.982781, 0.0294302, -0.0422927, -0.0220617, 0.998862, 0, 0, 0)

[node name="Skeleton3D" parent="rig04_0001_Group/rig04_0001_MotionSystem/rig04_0001_FKSystem/rig04_0001_FKParentConstraintToChest_M/rig04_0001_FKOffsetScapula_R/rig04_0001_FKExtraScapula_R/rig04_0001_FKScapula_R" index="0"]
bones/3/rotation = Quaternion(-0.00164344, 0.0262418, -0.0367479, 0.998979)
bones/8/rotation = Quaternion(-0.0153545, -0.0641957, 0.041176, 0.996969)
bones/12/rotation = Quaternion(-0.0158174, -0.0185934, -0.0140138, 0.999604)

[node name="rig04_0001_FKScapula_L" parent="rig04_0001_Group/rig04_0001_MotionSystem/rig04_0001_FKSystem/rig04_0001_FKParentConstraintToChest_M/rig04_0001_FKOffsetScapula_L/rig04_0001_FKExtraScapula_L" index="0"]
transform = Transform3D(0.981696, -0.182502, 0.0544527, 0.180985, 0.982976, 0.0316542, -0.0593026, -0.0212197, 0.998015, 0, 0, 0)

[node name="Skeleton3D" parent="rig04_0001_Group/rig04_0001_MotionSystem/rig04_0001_FKSystem/rig04_0001_FKParentConstraintToChest_M/rig04_0001_FKOffsetScapula_L/rig04_0001_FKExtraScapula_L/rig04_0001_FKScapula_L" index="0"]
bones/3/rotation = Quaternion(-0.00164344, 0.0262418, -0.0367479, 0.998979)
bones/8/rotation = Quaternion(-0.0897606, -0.073333, 0.0597342, 0.991462)
bones/12/rotation = Quaternion(-0.0158174, -0.0185934, -0.0140138, 0.999604)

[node name="rig04_0001_FKParentConstraintToWrist_R" parent="rig04_0001_Group/rig04_0001_MotionSystem/rig04_0001_FKSystem" index="1"]
transform = Transform3D(-0.487318, -0.505572, -0.711981, -0.865208, 0.169324, 0.471959, -0.118054, 0.846006, -0.51994, -0.209268, 1.06325, -0.0394039)

[node name="rig04_0001_FKParentConstraintToRoot_M" parent="rig04_0001_Group/rig04_0001_MotionSystem/rig04_0001_FKSystem" index="2"]
transform = Transform3D(-0.0290678, -9.4071e-05, 0.999578, 0.957926, -0.285663, 0.0278297, 0.28554, 0.95833, 0.00839371, 0.055387, 1.09057, -0.0270138)

[node name="rig04_0001_FKOffsetRoot_M" parent="rig04_0001_Group/rig04_0001_MotionSystem/rig04_0001_FKSystem" index="3"]
transform = Transform3D(-0.00460561, -0.000159845, 0.999989, 0.95832, -0.285664, 0.00436804, 0.28566, 0.95833, 0.00146884, 0.0534061, 1.11646, -0.00951516)

[node name="rig04_0001_HipSwinger_M" parent="rig04_0001_Group/rig04_0001_MotionSystem/rig04_0001_FKSystem/rig04_0001_FKOffsetRoot_M/rig04_0001_FKExtraRoot_M/rig04_0001_FKRoot_M/rig04_0001_HipSwingerOffset_M" index="0"]
transform = Transform3D(0.999699, 0, 0.0245536, 0, 1, 0, -0.0245536, 0, 0.999699, 0, 0, 1.26218e-31)

[node name="rig04_0001_HipSwingReversePart1" parent="rig04_0001_Group/rig04_0001_MotionSystem/rig04_0001_FKSystem/rig04_0001_FKOffsetRoot_M/rig04_0001_FKExtraRoot_M/rig04_0001_FKRoot_M/rig04_0001_HipSwingReverse" index="0"]
transform = Transform3D(0.999925, 0, 0.0122777, 0, 1, 0, -0.0122777, 0, 0.999925, -0.0518589, 0, 0)

[node name="rig04_0001_HipSwingReversePart2" parent="rig04_0001_Group/rig04_0001_MotionSystem/rig04_0001_FKSystem/rig04_0001_FKOffsetRoot_M/rig04_0001_FKExtraRoot_M/rig04_0001_FKRoot_M/rig04_0001_HipSwingReverse/rig04_0001_HipSwingReversePart1" index="0"]
transform = Transform3D(0.999925, 0, 0.0122777, 0, 1, 0, -0.0122777, 0, 0.999925, -0.0518589, 0, 0)

[node name="rig04_0001_HipSwingReverseXPart1" parent="rig04_0001_Group/rig04_0001_MotionSystem/rig04_0001_FKSystem/rig04_0001_FKOffsetRoot_M/rig04_0001_FKExtraRoot_M/rig04_0001_FKRoot_M/rig04_0001_HipSwingReverse" index="1"]
transform = Transform3D(0.999925, 0, 0.0122777, 0, 1, 0, -0.0122777, 0, 0.999925, -0.0518589, 0, 0)

[node name="rig04_0001_HipSwingReverseXPart2" parent="rig04_0001_Group/rig04_0001_MotionSystem/rig04_0001_FKSystem/rig04_0001_FKOffsetRoot_M/rig04_0001_FKExtraRoot_M/rig04_0001_FKRoot_M/rig04_0001_HipSwingReverse" index="2"]
transform = Transform3D(0.999699, 0, 0.0245536, 0, 1, 0, -0.0245536, 0, 0.999699, -0.103718, 0, 6.31089e-32)

[node name="Skeleton3D" parent="rig04_0001_Group/rig04_0001_MotionSystem/rig04_0001_FKSystem/rig04_0001_FKOffsetRoot_M" index="1"]
bones/0/position = Vector3(-0.0298234, -0.0093741, 0.00191397)
bones/0/rotation = Quaternion(-1.2325e-32, 0.0122777, -1.51335e-34, 0.999925)
bones/3/rotation = Quaternion(-0.00104322, -0.00610665, 0.0568464, 0.998364)
bones/8/rotation = Quaternion(-0.000174614, -0.00613649, 0.028443, 0.999577)

[node name="rig04_0001_InbetweenRootPart0_M" parent="rig04_0001_Group/rig04_0001_MotionSystem/rig04_0001_FKSystem/rig04_0001_FKOffsetRoot_M/rig04_0001_InbetweenRoot_M" index="0"]
transform = Transform3D(0.999699, 0, 0.0245536, 0, 1, 0, -0.0245536, 0, 0.999699, 0, 0, 0)

[node name="rig04_0001_InbetweenRootPart1_M" parent="rig04_0001_Group/rig04_0001_MotionSystem/rig04_0001_FKSystem/rig04_0001_FKOffsetRoot_M/rig04_0001_InbetweenRoot_M/rig04_0001_InbetweenRootPart0_M" index="0"]
transform = Transform3D(0.993463, -0.113494, -0.0123119, 0.11352, 0.993535, 0.00138874, 0.0120747, -0.00277731, 0.999923, 0, 1.77636e-17, 0)

[node name="rig04_0001_InbetweenRootPart2_M" parent="rig04_0001_Group/rig04_0001_MotionSystem/rig04_0001_FKSystem/rig04_0001_FKOffsetRoot_M/rig04_0001_InbetweenRoot_M/rig04_0001_InbetweenRootPart0_M/rig04_0001_InbetweenRootPart1_M" index="0"]
transform = Transform3D(0.998307, -0.0568598, -0.0122777, 0.0568641, 0.998382, 2.91038e-11, 0.0122579, -0.000698162, 0.999925, 0, 0, 0)

[node name="rig04_0001_FKParentConstraintToWrist_L" parent="rig04_0001_Group/rig04_0001_MotionSystem/rig04_0001_FKSystem" index="4"]
transform = Transform3D(-0.463737, -0.382813, -0.799001, 0.883849, -0.137497, -0.447107, 0.0612978, -0.913537, 0.402112, 0.305704, 1.05958, -0.0312871)

[node name="rig04_0001_IKParentConstraintShoulder_R" parent="rig04_0001_Group/rig04_0001_MotionSystem/rig04_0001_IKSystem/rig04_0001_IKJoints" index="0"]
transform = Transform3D(-0.913658, -0.0731649, -0.399843, -0.361181, -0.305152, 0.881152, -0.186483, 0.949488, 0.252379, 0.00736184, 1.42912, 0.0587684)

[node name="Skeleton3D" parent="rig04_0001_Group/rig04_0001_MotionSystem/rig04_0001_IKSystem/rig04_0001_IKJoints/rig04_0001_IKParentConstraintShoulder_R/rig04_0001_IKXOffsetShoulder_R" index="0"]
bones/0/rotation = Quaternion(0.16532, -0.0534186, -0.312969, 0.933738)
bones/2/rotation = Quaternion(2.30114e-15, 4.24977e-15, 0.475676, 0.879621)
bones/4/rotation = Quaternion(0.65012, -0.0194129, -0.0439314, 0.758312)

[node name="rig04_0001_IKParentConstraintHip_R" parent="rig04_0001_Group/rig04_0001_MotionSystem/rig04_0001_IKSystem/rig04_0001_IKJoints" index="1"]
transform = Transform3D(-0.0290676, -9.3976e-05, 0.999578, 0.957926, -0.285664, 0.0278296, 0.28554, 0.95833, 0.00839359, 0.055387, 1.09057, -0.0270138)

[node name="Skeleton3D" parent="rig04_0001_Group/rig04_0001_MotionSystem/rig04_0001_IKSystem/rig04_0001_IKJoints/rig04_0001_IKParentConstraintHip_R/rig04_0001_IKXOffsetHip_R" index="0"]
bones/0/rotation = Quaternion(0.176774, -0.133138, 0.323679, 0.919922)
bones/2/rotation = Quaternion(-4.71388e-16, 1.4692e-15, -0.431581, 0.902074)
bones/4/rotation = Quaternion(0.0153891, 0.0730065, 0.145259, 0.986576)

[node name="Skeleton3D" parent="rig04_0001_Group/rig04_0001_MotionSystem/rig04_0001_IKSystem/rig04_0001_IKJoints/rig04_0001_IKParentConstraintRoot_M/rig04_0001_IKXOffsetRoot_M" index="0"]
bones/0/position = Vector3(-0.0720923, 0.00753007, 0.0534061)
bones/0/rotation = Quaternion(-0.000292948, 0.00228544, 0.0926793, 0.995693)
bones/6/position = Vector3(0.0518584, -1.93841e-11, 9.55549e-06)
bones/8/position = Vector3(0.0446847, 2.1247e-06, -0.000104127)
bones/12/position = Vector3(0.0446741, -1.93013e-06, 9.45906e-05)

[node name="Skeleton3D" parent="rig04_0001_Group/rig04_0001_MotionSystem/rig04_0001_IKSystem/rig04_0001_IKJoints/rig04_0001_IKParentConstraintRoot_M" index="1"]
bones/0/rotation = Quaternion(-0.000292948, 0.00228544, 0.0926793, 0.995693)

[node name="rig04_0001_IKParentConstraintShoulder_L" parent="rig04_0001_Group/rig04_0001_MotionSystem/rig04_0001_IKSystem/rig04_0001_IKJoints" index="3"]
transform = Transform3D(-0.910447, -0.0742411, -0.40691, 0.36794, 0.304062, -0.878731, 0.188964, -0.949755, -0.249516, 0.0965165, 1.42951, 0.0588994)

[node name="Skeleton3D" parent="rig04_0001_Group/rig04_0001_MotionSystem/rig04_0001_IKSystem/rig04_0001_IKJoints/rig04_0001_IKParentConstraintShoulder_L/rig04_0001_IKXOffsetShoulder_L" index="0"]
bones/0/rotation = Quaternion(0.146131, 0.0857652, -0.371087, 0.913009)
bones/2/rotation = Quaternion(4.38247e-15, 6.184e-15, 0.672206, 0.740364)
bones/4/rotation = Quaternion(0.569826, -0.199401, -0.0971243, 0.791268)

[node name="rig04_0001_IKParentConstraintHip_L" parent="rig04_0001_Group/rig04_0001_MotionSystem/rig04_0001_IKSystem/rig04_0001_IKJoints" index="4"]
transform = Transform3D(-0.0290676, -9.3976e-05, 0.999578, 0.957926, -0.285664, 0.0278296, 0.28554, 0.95833, 0.00839359, 0.055387, 1.09057, -0.0270138)

[node name="Skeleton3D" parent="rig04_0001_Group/rig04_0001_MotionSystem/rig04_0001_IKSystem/rig04_0001_IKJoints/rig04_0001_IKParentConstraintHip_L/rig04_0001_IKXOffsetHip_L" index="0"]
bones/0/rotation = Quaternion(0.191983, -0.0637694, 0.330337, 0.921929)
bones/2/rotation = Quaternion(-3.20378e-16, 1.01846e-15, -0.439994, 0.898001)
bones/4/rotation = Quaternion(0.0448944, 0.0341475, 0.159358, 0.985608)

[node name="rig04_0001_IKSpSpine2Offset_M" parent="rig04_0001_Group/rig04_0001_MotionSystem/rig04_0001_IKSystem/rig04_0001_IKJoints" index="5"]
transform = Transform3D(-0.0290678, -9.4071e-05, 0.999578, 0.957926, -0.285663, 0.0278297, 0.28554, 0.95833, 0.00839371, 0.055387, 1.09057, -0.0270138)

[node name="rig04_0001_IKSpRootPart1FollowOffset_M" parent="rig04_0001_Group/rig04_0001_MotionSystem/rig04_0001_IKSystem/rig04_0001_IKJoints/rig04_0001_IKSpSpine2Offset_M" index="1"]
transform = Transform3D(0.999699, -2.28379e-10, -0.0245536, -3.69563e-10, 1, -2.4348e-08, 0.0245536, 2.43497e-08, 0.999699, 0.0818291, 0.00928744, 3.95678e-05)

[node name="rig04_0001_IKSpRootPart2FollowOffset_M" parent="rig04_0001_Group/rig04_0001_MotionSystem/rig04_0001_IKSystem/rig04_0001_IKJoints/rig04_0001_IKSpSpine2Offset_M" index="2"]
transform = Transform3D(0.999699, 7.73883e-10, -0.0245536, 3.15183e-11, 1, 3.28014e-08, 0.0245536, -3.27923e-08, 0.999699, 0.133562, 0.0093741, 0.00137337)

[node name="rig04_0001_IKSpSpine1FollowOffset_M" parent="rig04_0001_Group/rig04_0001_MotionSystem/rig04_0001_IKSystem/rig04_0001_IKJoints/rig04_0001_IKSpSpine2Offset_M" index="3"]
transform = Transform3D(0.933356, 0.358118, -0.0244639, -0.358225, 0.933635, -3.53903e-08, 0.0228404, 0.00876362, 0.999701, 0.185373, 0.0093741, 0.00264709)

[node name="rig04_0001_IKSpSpine1Part1FollowOffset_M" parent="rig04_0001_Group/rig04_0001_MotionSystem/rig04_0001_IKSystem/rig04_0001_IKJoints/rig04_0001_IKSpSpine2Offset_M" index="4"]
transform = Transform3D(0.933356, 0.358118, -0.0244639, -0.358225, 0.933635, 3.0268e-08, 0.0228404, 0.00876355, 0.999701, 0.227094, -0.00662729, 0.00367398)

[node name="rig04_0001_IKSpSpine1Part2FollowOffset_M" parent="rig04_0001_Group/rig04_0001_MotionSystem/rig04_0001_IKSystem/rig04_0001_IKJoints/rig04_0001_IKSpSpine2Offset_M" index="5"]
transform = Transform3D(0.933356, 0.358118, -0.0244639, -0.358225, 0.933635, -1.11759e-08, 0.0228404, 0.0087636, 0.999701, 0.268783, -0.0226325, 0.00469414)

[node name="rig04_0001_IKSpChestFollowOffset_M" parent="rig04_0001_Group/rig04_0001_MotionSystem/rig04_0001_IKSystem/rig04_0001_IKJoints/rig04_0001_IKSpSpine2Offset_M" index="6"]
transform = Transform3D(0.939226, 0.342426, -0.0244639, -0.342528, 0.939507, -1.02445e-08, 0.022984, 0.00837959, 0.999701, 0.310473, -0.0386377, 0.00571431)

[node name="Skeleton3D" parent="rig04_0001_Group/rig04_0001_MotionSystem/rig04_0001_IKSystem/rig04_0001_IKJoints/rig04_0001_IKAcSpine2Offset_M" index="0"]
bones/0/position = Vector3(-0.0720923, 0.00753007, 0.0534061)
bones/0/rotation = Quaternion(-0.000292948, 0.00228544, 0.0926793, 0.995693)
bones/2/position = Vector3(-0.0211282, 0.0171005, 0.0531673)
bones/2/rotation = Quaternion(-0.000292952, 0.00228544, 0.0926714, 0.995694)
bones/3/position = Vector3(0.0298361, 0.0266701, 0.0529285)
bones/3/rotation = Quaternion(-0.000357908, 0.00227617, 0.0642912, 0.997929)
bones/4/position = Vector3(0.0812623, 0.0333239, 0.0526905)
bones/4/rotation = Quaternion(-0.000635568, 0.00221474, -0.0591314, 0.998248)
bones/5/position = Vector3(0.125626, 0.0280496, 0.0524963)
bones/5/rotation = Quaternion(-0.00070436, 0.00219384, -0.0902425, 0.995917)
bones/6/position = Vector3(0.169574, 0.020019, 0.0523068)
bones/6/rotation = Quaternion(-0.000704357, 0.00219384, -0.0902472, 0.995917)
bones/7/position = Vector3(0.212644, 0.0121484, 0.052121)
bones/7/rotation = Quaternion(-0.000292948, 0.00228544, 0.0926793, 0.995693)

[node name="rig04_0001_IKAcPociXformRoot_M" parent="rig04_0001_Group/rig04_0001_MotionSystem/rig04_0001_IKSystem/rig04_0001_IKJoints/rig04_0001_IKAcSpine2Offset3_M" index="0"]
transform = Transform3D(1, 0, 0, 0, 1, 0, 0, 0, 1, 0.0534061, 1.11646, -0.00951516)

[node name="rig04_0001_IKAcPociXformRootPart1_M" parent="rig04_0001_Group/rig04_0001_MotionSystem/rig04_0001_IKSystem/rig04_0001_IKJoints/rig04_0001_IKAcSpine2Offset3_M" index="1"]
transform = Transform3D(1, 0, 0, 0, 1, 0, 0, 0, 1, 0.0531673, 1.16616, 0.00529791)

[node name="rig04_0001_IKAcPociXformRootPart2_M" parent="rig04_0001_Group/rig04_0001_MotionSystem/rig04_0001_IKSystem/rig04_0001_IKJoints/rig04_0001_IKAcSpine2Offset3_M" index="2"]
transform = Transform3D(1, 0, 0, 0, 1, 0, 0, 0, 1, 0.0529285, 1.21585, 0.0201102)

[node name="rig04_0001_IKAcPociXformSpine1_M" parent="rig04_0001_Group/rig04_0001_MotionSystem/rig04_0001_IKSystem/rig04_0001_IKJoints/rig04_0001_IKAcSpine2Offset3_M" index="3"]
transform = Transform3D(1, 0, 0, 0, 1, 0, 0, 0, 1, 0.0526905, 1.26631, 0.0320704)

[node name="rig04_0001_IKAcPociXformSpine1Part1_M" parent="rig04_0001_Group/rig04_0001_MotionSystem/rig04_0001_IKSystem/rig04_0001_IKJoints/rig04_0001_IKAcSpine2Offset3_M" index="4"]
transform = Transform3D(1, 0, 0, 0, 1, 0, 0, 0, 1, 0.0524963, 1.31098, 0.0314333)

[node name="rig04_0001_IKAcPociXformSpine1Part2_M" parent="rig04_0001_Group/rig04_0001_MotionSystem/rig04_0001_IKSystem/rig04_0001_IKJoints/rig04_0001_IKAcSpine2Offset3_M" index="5"]
transform = Transform3D(1, 0, 0, 0, 1, 0, 0, 0, 1, 0.0523068, 1.35552, 0.0280117)

[node name="rig04_0001_IKAcPociXformChest_M" parent="rig04_0001_Group/rig04_0001_MotionSystem/rig04_0001_IKSystem/rig04_0001_IKJoints/rig04_0001_IKAcSpine2Offset3_M" index="6"]
transform = Transform3D(1, 0, 0, 0, 1, 0, 0, 0, 1, 0.052121, 1.39918, 0.0246581)

[node name="rig04_0001_IKAcSpine2Offset2_M" parent="rig04_0001_Group/rig04_0001_MotionSystem/rig04_0001_IKSystem/rig04_0001_IKJoints" index="8"]
transform = Transform3D(-0.0290678, -9.4071e-05, 0.999578, 0.957926, -0.285663, 0.0278297, 0.28554, 0.95833, 0.00839371, 0.055387, 1.09057, -0.0270138)

[node name="rig04_0001_IKAcRootPart1FollowOffset_M" parent="rig04_0001_Group/rig04_0001_MotionSystem/rig04_0001_IKSystem/rig04_0001_IKJoints/rig04_0001_IKAcSpine2Offset2_M" index="0"]
transform = Transform3D(0.999699, -6.07265e-10, -0.0245536, 9.43676e-12, 1, -2.4348e-08, 0.0245536, 2.43405e-08, 0.999699, 0.0818291, 0.00928744, 3.95678e-05)

[node name="rig04_0001_IKAcRootPart2FollowOffset_M" parent="rig04_0001_Group/rig04_0001_MotionSystem/rig04_0001_IKSystem/rig04_0001_IKJoints/rig04_0001_IKAcSpine2Offset2_M" index="1"]
transform = Transform3D(0.999699, 1.13993e-10, -0.0245536, 1.11228e-11, 1, 5.09549e-09, 0.0245536, -5.09423e-09, 0.999699, 0.133562, 0.0093741, 0.00137337)

[node name="rig04_0001_IKAcSpine1FollowOffset_M" parent="rig04_0001_Group/rig04_0001_MotionSystem/rig04_0001_IKSystem/rig04_0001_IKJoints/rig04_0001_IKAcSpine2Offset2_M" index="2"]
transform = Transform3D(0.933356, 0.358118, -0.0244639, -0.358225, 0.933635, -5.12227e-09, 0.0228404, 0.00876359, 0.999701, 0.185373, 0.0093741, 0.00264709)

[node name="rig04_0001_IKAcSpine1Part1FollowOffset_M" parent="rig04_0001_Group/rig04_0001_MotionSystem/rig04_0001_IKSystem/rig04_0001_IKJoints/rig04_0001_IKAcSpine2Offset2_M" index="3"]
transform = Transform3D(0.933356, 0.358118, -0.0244639, -0.358225, 0.933635, 5.58794e-09, 0.0228404, 0.00876358, 0.999701, 0.227094, -0.00662729, 0.00367398)

[node name="rig04_0001_IKAcSpine1Part2FollowOffset_M" parent="rig04_0001_Group/rig04_0001_MotionSystem/rig04_0001_IKSystem/rig04_0001_IKJoints/rig04_0001_IKAcSpine2Offset2_M" index="4"]
transform = Transform3D(0.933356, 0.358118, -0.0244639, -0.358225, 0.933635, -1.11759e-08, 0.0228404, 0.0087636, 0.999701, 0.268783, -0.0226325, 0.00469414)

[node name="rig04_0001_IKAcChestFollowOffset_M" parent="rig04_0001_Group/rig04_0001_MotionSystem/rig04_0001_IKSystem/rig04_0001_IKJoints/rig04_0001_IKAcSpine2Offset2_M" index="5"]
transform = Transform3D(0.939226, 0.342426, -0.0244639, -0.342528, 0.939507, -1.86265e-09, 0.022984, 0.00837958, 0.999701, 0.310474, -0.0386377, 0.00569393)

[node name="rig04_0001_IKcvOffsetSpine21_M" parent="rig04_0001_Group/rig04_0001_MotionSystem/rig04_0001_IKSystem/rig04_0001_IKHandle/rig04_0001_IKHandleFollowMain" index="2"]
transform = Transform3D(0.999989, -0.00456398, -0.000637326, 0.00436795, 0.982812, -0.184563, 0.00146871, 0.184558, 0.982821, 0.0531673, 1.16616, 0.00529791)

[node name="rig04_0001_IKcvOffsetSpine22_M" parent="rig04_0001_Group/rig04_0001_MotionSystem/rig04_0001_IKSystem/rig04_0001_IKHandle/rig04_0001_IKHandleFollowMain" index="3"]
transform = Transform3D(0.999989, -0.00456398, -0.000637326, 0.00436795, 0.982812, -0.184563, 0.00146871, 0.184558, 0.982821, 0.0529285, 1.21585, 0.020111)

[node name="rig04_0001_IKcvOffsetSpine23_M" parent="rig04_0001_Group/rig04_0001_MotionSystem/rig04_0001_IKSystem/rig04_0001_IKHandle/rig04_0001_IKHandleFollowMain" index="4"]
transform = Transform3D(0.999989, -0.00456398, -0.000637326, 0.00436795, 0.982812, -0.184563, 0.00146871, 0.184558, 0.982821, 0.0526896, 1.26554, 0.034924)

[node name="rig04_0001_IKcvOffsetSpine24_M" parent="rig04_0001_Group/rig04_0001_MotionSystem/rig04_0001_IKSystem/rig04_0001_IKHandle/rig04_0001_IKHandleFollowMain" index="5"]
transform = Transform3D(0.999989, -0.00456398, -0.000637326, 0.00436795, 0.982812, -0.184563, 0.00146871, 0.184558, 0.982821, 0.0525001, 1.31009, 0.031502)

[node name="rig04_0001_IKcvOffsetSpine25_M" parent="rig04_0001_Group/rig04_0001_MotionSystem/rig04_0001_IKSystem/rig04_0001_IKHandle/rig04_0001_IKHandleFollowMain" index="6"]
transform = Transform3D(0.999989, -0.00456398, -0.000637326, 0.00436795, 0.982812, -0.184563, 0.00146871, 0.184558, 0.982821, 0.0523105, 1.35463, 0.0280801)

[node name="rig04_0001_IKOffsetSpine22_M" parent="rig04_0001_Group/rig04_0001_MotionSystem/rig04_0001_IKSystem/rig04_0001_IKHandle/rig04_0001_IKHandleFollowMain" index="7"]
transform = Transform3D(0.999989, -0.00456398, -0.000637326, 0.00436795, 0.982812, -0.184563, 0.00146871, 0.184558, 0.982821, 0.0527414, 1.25522, 0.0304115)

[node name="rig04_0001_IKOffsetConstrainedSpine21_M" parent="rig04_0001_Group/rig04_0001_MotionSystem/rig04_0001_IKSystem/rig04_0001_IKHandle/rig04_0001_IKHandleFollowMain" index="8"]
transform = Transform3D(0.999989, -0.00456398, -0.000637326, 0.00436795, 0.982812, -0.184563, 0.00146871, 0.184558, 0.982821, 0.0534061, 1.11646, -0.00951516)

[node name="rig04_0001_IKFollowEndSpine21_M" parent="rig04_0001_Group/rig04_0001_MotionSystem/rig04_0001_IKSystem/rig04_0001_IKHandle/rig04_0001_IKHandleFollowMain/rig04_0001_IKFollowEndSpine2_M" index="0"]
transform = Transform3D(0.999989, -0.00456398, -0.000637326, 0.00436795, 0.982812, -0.184563, 0.00146871, 0.184558, 0.982821, 0.0534061, 1.11646, -0.00951516)

[node name="rig04_0001_IKFollowEndSpine23_M" parent="rig04_0001_Group/rig04_0001_MotionSystem/rig04_0001_IKSystem/rig04_0001_IKHandle/rig04_0001_IKHandleFollowMain/rig04_0001_IKFollowEndSpine2_M" index="1"]
transform = Transform3D(0.999989, -0.00456398, -0.000637326, 0.00436795, 0.982812, -0.184563, 0.00146871, 0.184558, 0.982821, 0.052121, 1.39918, 0.0246581)

[node name="rig04_0001_PoleOffsetLeg_R" parent="rig04_0001_Group/rig04_0001_MotionSystem/rig04_0001_IKSystem/rig04_0001_IKHandle/rig04_0001_IKHandleFollowMain" index="11"]
transform = Transform3D(0.957211, 0.123008, -0.261942, -0.105722, 0.99124, 0.0791478, 0.269384, -0.0480681, 0.961832, -0.12616, 0.740394, 0.919181)

[node name="rig04_0001_PoleAimLeg_R" parent="rig04_0001_Group/rig04_0001_MotionSystem/rig04_0001_IKSystem/rig04_0001_IKHandle/rig04_0001_IKHandleFollowMain" index="12"]
transform = Transform3D(-0.225381, -0.246563, -0.942555, -0.974191, 0.0693638, 0.214802, 0.0124171, 0.966641, -0.255833, 0.055387, 1.09057, -0.0270138)

[node name="rig04_0001_PoleOffsetLeg_L" parent="rig04_0001_Group/rig04_0001_MotionSystem/rig04_0001_IKSystem/rig04_0001_IKHandle/rig04_0001_IKHandleFollowMain" index="16"]
transform = Transform3D(0.956595, -0.0423361, 0.288329, 0.0258896, 0.997825, 0.0606187, -0.290268, -0.0505228, 0.95561, 0.2282, 0.729862, 0.916862)

[node name="rig04_0001_PoleAimLeg_L" parent="rig04_0001_Group/rig04_0001_MotionSystem/rig04_0001_IKSystem/rig04_0001_IKHandle/rig04_0001_IKHandleFollowMain" index="17"]
transform = Transform3D(-0.144966, -0.272307, -0.951227, 0.989356, -0.0521464, -0.135849, -0.0126105, -0.960796, 0.276968, 0.055387, 1.09057, -0.0270138)

[node name="rig04_0001_IKOffsetArm_RFollowNoScaleOffset" parent="rig04_0001_Group/rig04_0001_MotionSystem/rig04_0001_IKSystem/rig04_0001_IKFollow" index="0"]
transform = Transform3D(-0.913659, -0.0731648, -0.399844, -0.361182, -0.305152, 0.881153, -0.186482, 0.949488, 0.252379, 0.00736184, 1.42912, 0.0587684)

[node name="rig04_0001_IKOffsetArm_RFollow" parent="rig04_0001_Group/rig04_0001_MotionSystem/rig04_0001_IKSystem/rig04_0001_IKFollow/rig04_0001_IKOffsetArm_RFollowOffset" index="0"]
transform = Transform3D(0.983182, -0.0373521, 0.178766, 0.0891054, 0.952554, -0.291035, -0.159413, 0.30207, 0.939863, 0.0670725, -0.104473, 0.0167585)

[node name="rig04_0001_IKhybridFollowSpine21_MFollowNoScaleOffset" parent="rig04_0001_Group/rig04_0001_MotionSystem/rig04_0001_IKSystem/rig04_0001_IKFollow" index="4"]
transform = Transform3D(0.999989, -0.00456398, -0.000637326, 0.00436795, 0.982812, -0.184563, 0.00146871, 0.184558, 0.982821, 0.0534061, 1.11646, -0.00951516)

[node name="rig04_0001_IKhybridFollowSpine21_MFollow" parent="rig04_0001_Group/rig04_0001_MotionSystem/rig04_0001_IKSystem/rig04_0001_IKFollow/rig04_0001_IKhybridFollowSpine21_MFollowOffset" index="0"]
transform = Transform3D(0.98281, -0.184562, 0.00449689, 0.184559, 0.982821, 0.001007, -0.00460549, -0.000159748, 0.999989, -0.0720923, 0.00753007, 0.0534061)

[node name="rig04_0001_PoleOffsetLeg_RFollowNoScaleOffset" parent="rig04_0001_Group/rig04_0001_MotionSystem/rig04_0001_IKSystem/rig04_0001_IKFollow" index="6"]
transform = Transform3D(-0.225381, -0.246563, -0.942555, -0.974191, 0.0693638, 0.214802, 0.0124171, 0.966641, -0.255833, 0.055387, 1.09057, -0.0270138)

[node name="rig04_0001_PoleOffsetLeg_RFollow" parent="rig04_0001_Group/rig04_0001_MotionSystem/rig04_0001_IKSystem/rig04_0001_IKFollow/rig04_0001_PoleOffsetLeg_RFollowOffset" index="0"]
transform = Transform3D(0.957211, 0.123008, -0.261942, -0.105722, 0.99124, 0.0791478, 0.269384, -0.0480681, 0.961832, -0.244232, -0.0336609, -0.0012433)

[node name="rig04_0001_IKOffsetArm_LFollowNoScaleOffset" parent="rig04_0001_Group/rig04_0001_MotionSystem/rig04_0001_IKSystem/rig04_0001_IKFollow" index="8"]
transform = Transform3D(-0.910447, -0.0742415, -0.406909, 0.36794, 0.304062, -0.87873, 0.188964, -0.949755, -0.249516, 0.0965165, 1.42951, 0.0588994)

[node name="rig04_0001_IKOffsetArm_LFollow" parent="rig04_0001_Group/rig04_0001_MotionSystem/rig04_0001_IKSystem/rig04_0001_IKFollow/rig04_0001_IKOffsetArm_LFollowOffset" index="0"]
transform = Transform3D(0.983067, 0.0451023, -0.177614, -0.0957795, 0.952774, -0.288182, 0.156229, 0.300314, 0.940959, 0.0338404, -0.105693, 0.0168276)

[node name="rig04_0001_PoleOffsetLeg_LFollowNoScaleOffset" parent="rig04_0001_Group/rig04_0001_MotionSystem/rig04_0001_IKSystem/rig04_0001_IKFollow" index="12"]
transform = Transform3D(-0.144966, -0.272307, -0.951227, 0.989356, -0.0521464, -0.135849, -0.0126105, -0.960796, 0.276968, 0.055387, 1.09057, -0.0270138)

[node name="rig04_0001_PoleOffsetLeg_LFollow" parent="rig04_0001_Group/rig04_0001_MotionSystem/rig04_0001_IKSystem/rig04_0001_IKFollow/rig04_0001_PoleOffsetLeg_LFollowOffset" index="0"]
transform = Transform3D(0.956595, -0.0423361, 0.288329, 0.0258896, 0.997825, 0.0606187, -0.290268, -0.0505228, 0.95561, 0.346272, -0.0441935, -0.00356224)

[node name="rig04_0001_IKmessureLoc1Arm_R" parent="rig04_0001_Group/rig04_0001_MotionSystem/rig04_0001_IKSystem/rig04_0001_IKMessure" index="0"]
transform = Transform3D(1, 0, 0, 0, 1, 0, 0, 0, 1, -0.0431173, 1.40919, 0.0484834)

[node name="rig04_0001_IKmessureLoc2Arm_R" parent="rig04_0001_Group/rig04_0001_MotionSystem/rig04_0001_IKSystem/rig04_0001_IKMessure/rig04_0001_IKmessureLoc1Arm_R" index="0"]
transform = Transform3D(1, 0, 0, 0, 1, 0, 0, 0, 1, -0.22418, -0.250093, -0.0990192)

[node name="rig04_0001_IKmessureLoc1Leg_R" parent="rig04_0001_Group/rig04_0001_MotionSystem/rig04_0001_IKSystem/rig04_0001_IKMessure" index="2"]
transform = Transform3D(1, 0, 0, 0, 1, 0, 0, 0, 1, -0.0223785, 1.05671, -0.0430492)

[node name="rig04_0001_IKmessureLoc2Leg_R" parent="rig04_0001_Group/rig04_0001_MotionSystem/rig04_0001_IKSystem/rig04_0001_IKMessure/rig04_0001_IKmessureLoc1Leg_R" index="0"]
transform = Transform3D(1, 0, 0, 0, 1, 0, 0, 0, 1, -0.129087, -0.860543, 0.0274166)

[node name="rig04_0001_IKmessureLoc1Arm_L" parent="rig04_0001_Group/rig04_0001_MotionSystem/rig04_0001_IKSystem/rig04_0001_IKMessure" index="4"]
transform = Transform3D(1, 0, 0, 0, 1, 0, 0, 0, 1, 0.146805, 1.40918, 0.0485007)

[node name="rig04_0001_IKmessureLoc2Arm_L" parent="rig04_0001_Group/rig04_0001_MotionSystem/rig04_0001_IKSystem/rig04_0001_IKMessure/rig04_0001_IKmessureLoc1Arm_L" index="0"]
transform = Transform3D(1, 0, 0, 0, 1, 0, 0, 0, 1, 0.120492, -0.250084, -0.0990365)

[node name="rig04_0001_IKmessureLoc1Leg_L" parent="rig04_0001_Group/rig04_0001_MotionSystem/rig04_0001_IKSystem/rig04_0001_IKMessure" index="6"]
transform = Transform3D(1, 0, 0, 0, 1, 0, 0, 0, 1, 0.135133, 1.06094, -0.0418196)

[node name="rig04_0001_IKmessureLoc2Leg_L" parent="rig04_0001_Group/rig04_0001_MotionSystem/rig04_0001_IKSystem/rig04_0001_IKMessure/rig04_0001_IKmessureLoc1Leg_L" index="0"]
transform = Transform3D(1, 0, 0, 0, 1, 0, 0, 0, 1, 0.051364, -0.864773, 0.026187)

[node name="rig04_0001_FKIKParentConstraintArm_R" parent="rig04_0001_Group/rig04_0001_MotionSystem/rig04_0001_FKIKSystem" index="0"]
transform = Transform3D(-0.913659, -0.0731648, -0.399844, -0.361182, -0.305152, 0.881153, -0.186482, 0.949488, 0.252379, 0.00736184, 1.42912, 0.0587684)

[node name="rig04_0001_FKIKArm_R" parent="rig04_0001_Group/rig04_0001_MotionSystem/rig04_0001_FKIKSystem/rig04_0001_FKIKParentConstraintArm_R" index="0"]
transform = Transform3D(-0.900749, -0.366249, -0.233482, -0.250486, -0.00112951, 0.96812, -0.354836, 0.930516, -0.0907227, 0.186243, 0.0697103, -0.00481354)

[node name="rig04_0001_FKIKParentConstraintLeg_R" parent="rig04_0001_Group/rig04_0001_MotionSystem/rig04_0001_FKIKSystem" index="1"]
transform = Transform3D(-0.0290678, -9.4071e-05, 0.999578, 0.957926, -0.285663, 0.0278297, 0.28554, 0.95833, 0.00839371, 0.055387, 1.09057, -0.0270138)

[node name="rig04_0001_FKIKLeg_R" parent="rig04_0001_Group/rig04_0001_MotionSystem/rig04_0001_FKIKSystem/rig04_0001_FKIKParentConstraintLeg_R" index="0"]
transform = Transform3D(1.30661e-07, 0.994589, 0.103885, -9.08196e-09, -0.103885, 0.994589, 1, -1.30898e-07, -4.54098e-09, -0.13184, 0.0415525, -0.20934)

[node name="rig04_0001_FKIKParentConstraintSpine2_M" parent="rig04_0001_Group/rig04_0001_MotionSystem/rig04_0001_FKIKSystem" index="2"]
transform = Transform3D(-0.0290678, -9.4071e-05, 0.999578, 0.957926, -0.285663, 0.0278297, 0.28554, 0.95833, 0.00839371, 0.055387, 1.09057, -0.0270138)

[node name="rig04_0001_FKIKSpine2_M" parent="rig04_0001_Group/rig04_0001_MotionSystem/rig04_0001_FKIKSystem/rig04_0001_FKIKParentConstraintSpine2_M" index="0"]
transform = Transform3D(1.30661e-07, 0.994589, 0.103885, -9.08196e-09, -0.103885, 0.994589, 1, -1.30898e-07, -4.54098e-09, 0.105838, 0, 0.238104)

[node name="rig04_0001_FKIKParentConstraintArm_L" parent="rig04_0001_Group/rig04_0001_MotionSystem/rig04_0001_FKIKSystem" index="3"]
transform = Transform3D(-0.910447, -0.0742415, -0.406909, 0.36794, 0.304062, -0.87873, 0.188964, -0.949755, -0.249516, 0.0965165, 1.42951, 0.0588994)

[node name="rig04_0001_FKIKArm_L" parent="rig04_0001_Group/rig04_0001_MotionSystem/rig04_0001_FKIKSystem/rig04_0001_FKIKParentConstraintArm_L" index="0"]
transform = Transform3D(-0.900749, 0.366249, 0.233482, -0.250486, 0.00112952, -0.96812, -0.354836, -0.930516, 0.0907227, -0.186243, -0.0697103, 0.00481354)

[node name="rig04_0001_FKIKParentConstraintLeg_L" parent="rig04_0001_Group/rig04_0001_MotionSystem/rig04_0001_FKIKSystem" index="4"]
transform = Transform3D(-0.0290678, -9.4071e-05, 0.999578, 0.957926, -0.285663, 0.0278297, 0.28554, 0.95833, 0.00839371, 0.055387, 1.09057, -0.0270138)

[node name="rig04_0001_FKIKLeg_L" parent="rig04_0001_Group/rig04_0001_MotionSystem/rig04_0001_FKIKSystem/rig04_0001_FKIKParentConstraintLeg_L" index="0"]
transform = Transform3D(1.30661e-07, 0.994589, 0.103885, -9.08196e-09, -0.103885, 0.994589, 1, -1.30898e-07, -4.54098e-09, -0.13184, 0.0415525, 0.20934)

[node name="rig04_0001_AimFollowEye" parent="rig04_0001_Group/rig04_0001_MotionSystem/rig04_0001_AimSystem/rig04_0001_AimEye/rig04_0001_AimOffsetEye" index="0"]
transform = Transform3D(0.999899, 0.0107469, -0.00930311, -0.0113563, 0.997611, -0.0681405, 0.00854859, 0.0682392, 0.997632, 0.0491392, -0.11639, 0.141312)

[node name="rig04_0001_AimFollowOnEye" parent="rig04_0001_Group/rig04_0001_MotionSystem/rig04_0001_AimSystem/rig04_0001_AimEye/rig04_0001_AimOffsetEye" index="1"]
transform = Transform3D(0.999899, 0.0107469, -0.00930311, -0.0113563, 0.997611, -0.0681405, 0.00854859, 0.0682392, 0.997632, 0.0491392, -0.11639, 0.141312)

[node name="rig04_0001_LegLockConstrained" parent="rig04_0001_Group/rig04_0001_MotionSystem/rig04_0001_RootSystem" index="1"]
transform = Transform3D(-0.0290678, -9.4071e-05, 0.999578, 0.957926, -0.285663, 0.0278297, 0.28554, 0.95833, 0.00839371, 0.055387, 1.09057, -0.0270138)

[node name="rig04_0001_RootX_M" parent="rig04_0001_Group/rig04_0001_MotionSystem/rig04_0001_RootSystem/rig04_0001_RootCenterBtwLegsBlended_M/rig04_0001_RootOffsetX_M/rig04_0001_RootExtraX_M" index="0"]
transform = Transform3D(0.999989, -0.00456398, -0.000637326, 0.00436795, 0.982812, -0.184563, 0.00146871, 0.184558, 0.982821, 0.0534061, -0.0724845, 0)

[node name="rig04_0001_TwistFollowHead_M" parent="rig04_0001_Group/rig04_0001_MotionSystem/rig04_0001_TwistSystem/rig04_0001_TwistFollowOffsetHead_M" index="0"]
transform = Transform3D(0.99764, -0.0681429, -0.00841179, 0.0682369, 0.997604, 0.011458, 0.00761084, -0.012005, 0.999899, -0.0544754, 0.163871, 0.0513493)

[node name="rig04_0001_TwistFollowParentHead_M" parent="rig04_0001_Group/rig04_0001_MotionSystem/rig04_0001_TwistSystem/rig04_0001_TwistFollowParentOffsetHead_M" index="0"]
transform = Transform3D(0.937181, -0.34882, 0.00378429, 0.348812, 0.937188, 0.00262969, -0.00446388, -0.00114448, 0.99999, -0.128647, 0.0734416, 0.0517899)

[node name="rig04_0001_TwistFollowSpine22_M" parent="rig04_0001_Group/rig04_0001_MotionSystem/rig04_0001_TwistSystem/rig04_0001_TwistFollowOffsetSpine22_M" index="0"]
transform = Transform3D(0.98281, -0.184562, 0.00449689, 0.184559, 0.982821, 0.001007, -0.00460549, -0.000159748, 0.999989, -0.07433, 0.0342008, 0.0527414)

[node name="rig04_0001_TwistFollowParentSpine22_M" parent="rig04_0001_Group/rig04_0001_MotionSystem/rig04_0001_TwistSystem/rig04_0001_TwistFollowParentOffsetSpine22_M" index="0"]
transform = Transform3D(0.98281, -0.184562, 0.00449689, 0.184559, 0.982821, 0.001007, -0.00460549, -0.000159748, 0.999989, -0.07433, 0.0342008, 0.0527414)

[node name="rig04_0001_TwistFollowWrist_R" parent="rig04_0001_Group/rig04_0001_MotionSystem/rig04_0001_TwistSystem/rig04_0001_TwistFollowOffsetWrist_R" index="0"]
transform = Transform3D(0.984826, 0.141803, -0.100038, -0.0986859, 0.931801, 0.349298, 0.142747, -0.334125, 0.931657, 0.0566321, -0.0711998, -0.0663357)

[node name="rig04_0001_TwistFollowParentWrist_R" parent="rig04_0001_Group/rig04_0001_MotionSystem/rig04_0001_TwistSystem/rig04_0001_TwistFollowParentOffsetWrist_R" index="0"]
transform = Transform3D(0.987268, 0.108939, 0.115902, -0.138732, 0.946179, 0.292402, -0.0778102, -0.304759, 0.949245, 0.067978, 0.0737071, -0.0637379)

[node name="Skeleton3D" parent="rig04_0001_Group/rig04_0001_MotionSystem/rig04_0001_TwistSystem/rig04_0001_TwistFollowParentOffsetWrist_R/rig04_0001_TwistFollowParentWrist_R" index="0"]
bones/0/rotation = Quaternion(0.628868, -0.0529106, -0.0228272, 0.775374)
bones/2/rotation = Quaternion(-0.0158217, 0, 0, 0.999875)
bones/4/rotation = Quaternion(-0.00411068, 0, 0, 0.999992)
