[gd_scene load_steps=28 format=3 uid="uid://dit45cnjx68ie"]

[ext_resource type="PackedScene" uid="uid://dfi3off64iusc" path="res://assets/player_character/valerie_anim02/PC RIG.fbx" id="1_l433w"]
[ext_resource type="Script" uid="uid://c66nvjg5ps52s" path="res://scenes/valerie.gd" id="2_7i0dl"]
[ext_resource type="Animation" uid="uid://ctmr4ax23gnf" path="res://assets/player_character/valerie_anim02/02GLIDE.res" id="2_riskd"]
[ext_resource type="Animation" uid="uid://dpug8gpjmrdbe" path="res://assets/player_character/valerie_anim02/04TURNRIGHT.res" id="3_7i0dl"]
[ext_resource type="Animation" uid="uid://qdkc50uakcwg" path="res://assets/player_character/valerie_anim02/06TURNLEFT.res" id="4_fcl0u"]
[ext_resource type="Animation" uid="uid://66c2gaorh0gj" path="res://assets/player_character/valerie_anim02/IDLE.res" id="5_ropus"]
[ext_resource type="Animation" uid="uid://ceyopkidb7iui" path="res://assets/player_character/valerie_anim02/SKATECYCLE.res" id="6_682pp"]

[sub_resource type="AnimationLibrary" id="AnimationLibrary_xr7e8"]
_data = {
&"02GLIDE": ExtResource("2_riskd"),
&"04TURNRIGHT": ExtResource("3_7i0dl"),
&"06TURNLEFT": ExtResource("4_fcl0u"),
&"IDLE": ExtResource("5_ropus"),
&"SKATECYCLE": ExtResource("6_682pp")
}

[sub_resource type="AnimationNodeAnimation" id="AnimationNodeAnimation_ropus"]
animation = &"valerie_anim02/02GLIDE"

[sub_resource type="AnimationNodeAnimation" id="AnimationNodeAnimation_682pp"]
animation = &"valerie_anim02/04TURNRIGHT"

[sub_resource type="AnimationNodeAnimation" id="AnimationNodeAnimation_riskd"]
animation = &"valerie_anim02/06TURNLEFT"

[sub_resource type="AnimationNodeAnimation" id="AnimationNodeAnimation_7i0dl"]
animation = &"valerie_anim02/IDLE"

[sub_resource type="AnimationNodeAnimation" id="AnimationNodeAnimation_fcl0u"]
animation = &"valerie_anim02/SKATECYCLE"

[sub_resource type="AnimationNodeStateMachineTransition" id="AnimationNodeStateMachineTransition_682pp"]
xfade_time = 0.1
advance_mode = 2
advance_expression = "parent_model.current_state == parent_model.states[\"skate\"]"

[sub_resource type="AnimationNodeStateMachineTransition" id="AnimationNodeStateMachineTransition_riskd"]
xfade_time = 0.1
advance_mode = 2
advance_expression = "parent_model.current_state == parent_model.states[\"idle\"]"

[sub_resource type="AnimationNodeStateMachineTransition" id="AnimationNodeStateMachineTransition_7i0dl"]
advance_mode = 2

[sub_resource type="AnimationNodeStateMachineTransition" id="AnimationNodeStateMachineTransition_fcl0u"]
advance_mode = 2

[sub_resource type="AnimationNodeStateMachineTransition" id="AnimationNodeStateMachineTransition_ropus"]
advance_mode = 2

[sub_resource type="AnimationNodeStateMachineTransition" id="AnimationNodeStateMachineTransition_xr7e8"]
advance_mode = 2

[sub_resource type="AnimationNodeStateMachineTransition" id="AnimationNodeStateMachineTransition_v0c5h"]
advance_mode = 2

[sub_resource type="AnimationNodeStateMachineTransition" id="AnimationNodeStateMachineTransition_fa7ah"]
advance_mode = 2

[sub_resource type="AnimationNodeStateMachineTransition" id="AnimationNodeStateMachineTransition_b0yvp"]
advance_mode = 2

[sub_resource type="AnimationNodeStateMachineTransition" id="AnimationNodeStateMachineTransition_bfm4i"]
advance_mode = 2

[sub_resource type="AnimationNodeStateMachineTransition" id="AnimationNodeStateMachineTransition_0pvkb"]
advance_mode = 2

[sub_resource type="AnimationNodeStateMachineTransition" id="AnimationNodeStateMachineTransition_tiysj"]
advance_mode = 2

[sub_resource type="AnimationNodeStateMachineTransition" id="AnimationNodeStateMachineTransition_re18b"]
advance_mode = 2

[sub_resource type="AnimationNodeStateMachine" id="AnimationNodeStateMachine_xr7e8"]
states/End/position = Vector2(1277, 266)
states/Start/position = Vector2(115, 174)
states/valerie_anim02_02GLIDE/node = SubResource("AnimationNodeAnimation_ropus")
states/valerie_anim02_02GLIDE/position = Vector2(696.152, 294)
states/valerie_anim02_04TURNRIGHT/node = SubResource("AnimationNodeAnimation_682pp")
states/valerie_anim02_04TURNRIGHT/position = Vector2(1106, 185)
states/valerie_anim02_06TURNLEFT/node = SubResource("AnimationNodeAnimation_riskd")
states/valerie_anim02_06TURNLEFT/position = Vector2(898, 64)
states/valerie_anim02_IDLE/node = SubResource("AnimationNodeAnimation_7i0dl")
states/valerie_anim02_IDLE/position = Vector2(308, 174)
states/valerie_anim02_SKATECYCLE/node = SubResource("AnimationNodeAnimation_fcl0u")
states/valerie_anim02_SKATECYCLE/position = Vector2(593, 71)
transitions = ["valerie_anim02_IDLE", "valerie_anim02_SKATECYCLE", SubResource("AnimationNodeStateMachineTransition_682pp"), "valerie_anim02_SKATECYCLE", "valerie_anim02_IDLE", SubResource("AnimationNodeStateMachineTransition_riskd"), "Start", "valerie_anim02_IDLE", SubResource("AnimationNodeStateMachineTransition_7i0dl"), "valerie_anim02_SKATECYCLE", "valerie_anim02_06TURNLEFT", SubResource("AnimationNodeStateMachineTransition_fcl0u"), "valerie_anim02_SKATECYCLE", "valerie_anim02_04TURNRIGHT", SubResource("AnimationNodeStateMachineTransition_ropus"), "valerie_anim02_06TURNLEFT", "valerie_anim02_SKATECYCLE", SubResource("AnimationNodeStateMachineTransition_xr7e8"), "valerie_anim02_04TURNRIGHT", "valerie_anim02_SKATECYCLE", SubResource("AnimationNodeStateMachineTransition_v0c5h"), "valerie_anim02_06TURNLEFT", "valerie_anim02_02GLIDE", SubResource("AnimationNodeStateMachineTransition_fa7ah"), "valerie_anim02_02GLIDE", "valerie_anim02_06TURNLEFT", SubResource("AnimationNodeStateMachineTransition_b0yvp"), "valerie_anim02_04TURNRIGHT", "valerie_anim02_02GLIDE", SubResource("AnimationNodeStateMachineTransition_bfm4i"), "valerie_anim02_02GLIDE", "valerie_anim02_04TURNRIGHT", SubResource("AnimationNodeStateMachineTransition_0pvkb"), "valerie_anim02_02GLIDE", "valerie_anim02_SKATECYCLE", SubResource("AnimationNodeStateMachineTransition_tiysj"), "valerie_anim02_SKATECYCLE", "valerie_anim02_02GLIDE", SubResource("AnimationNodeStateMachineTransition_re18b")]
graph_offset = Vector2(52.1519, -69)

[node name="Valerie01" instance=ExtResource("1_l433w")]
script = ExtResource("2_7i0dl")

[node name="rig04_0001_FitSkeleton" parent="rig04_0001_Group" index="0"]
visible = false

[node name="rig04_0001_MotionSystem" parent="rig04_0001_Group" index="1"]
visible = false

[node name="rig04_0001_FKParentConstraintToChest_M" parent="rig04_0001_Group/rig04_0001_MotionSystem/rig04_0001_FKSystem" index="0"]
transform = Transform3D(-0.0044711, -0.00111572, 0.99999, 0.996805, -0.0797485, 0.00436789, 0.0797427, 0.996814, 0.00146872, 0.0123901, 1.41926, 0.0360064)

[node name="rig04_0001_FKScapula_R" parent="rig04_0001_Group/rig04_0001_MotionSystem/rig04_0001_FKSystem/rig04_0001_FKParentConstraintToChest_M/rig04_0001_FKOffsetScapula_R/rig04_0001_FKExtraScapula_R" index="0"]
transform = Transform3D(0.954904, -0.270932, 0.12147, 0.286866, 0.947382, -0.14204, -0.0765949, 0.17048, 0.98238, 0, 0, 0)

[node name="Skeleton3D" parent="rig04_0001_Group/rig04_0001_MotionSystem/rig04_0001_FKSystem/rig04_0001_FKParentConstraintToChest_M/rig04_0001_FKOffsetScapula_R/rig04_0001_FKExtraScapula_R/rig04_0001_FKScapula_R" index="0"]
bones/8/rotation = Quaternion(0.0252647, -0.0892539, 0.13919, 0.985911)
bones/12/rotation = Quaternion(0.020416, 0.0730994, 0.123083, 0.98949)

[node name="rig04_0001_FKScapula_L" parent="rig04_0001_Group/rig04_0001_MotionSystem/rig04_0001_FKSystem/rig04_0001_FKParentConstraintToChest_M/rig04_0001_FKOffsetScapula_L/rig04_0001_FKExtraScapula_L" index="0"]
transform = Transform3D(0.950832, -0.259483, 0.169074, 0.283226, 0.949401, -0.135722, -0.125302, 0.176935, 0.976214, 0, 0, 0)

[node name="Skeleton3D" parent="rig04_0001_Group/rig04_0001_MotionSystem/rig04_0001_FKSystem/rig04_0001_FKParentConstraintToChest_M/rig04_0001_FKOffsetScapula_L/rig04_0001_FKExtraScapula_L/rig04_0001_FKScapula_L" index="0"]
bones/8/rotation = Quaternion(0.0308938, -0.0844818, 0.140678, 0.98596)
bones/12/rotation = Quaternion(0.020416, 0.0730994, 0.123083, 0.98949)

[node name="rig04_0001_FKParentConstraintToWrist_R" parent="rig04_0001_Group/rig04_0001_MotionSystem/rig04_0001_FKSystem" index="1"]
transform = Transform3D(-0.363871, -0.480441, -0.797981, -0.676491, 0.725214, -0.128157, 0.640279, 0.493194, -0.588899, -0.218697, 1.10378, 0.116973)

[node name="rig04_0001_FKParentConstraintToRoot_M" parent="rig04_0001_Group/rig04_0001_MotionSystem/rig04_0001_FKSystem" index="2"]
transform = Transform3D(0.105902, -0.000301605, 0.994377, 0.961265, -0.255876, -0.102453, 0.254468, 0.966709, -0.0268078, 0.00510205, 1.14026, -0.0260807)

[node name="rig04_0001_FKOffsetRoot_M" parent="rig04_0001_Group/rig04_0001_MotionSystem/rig04_0001_FKSystem" index="3"]
transform = Transform3D(-0.00459832, -0.00030206, 0.999989, 0.9667, -0.255876, 0.00436795, 0.255872, 0.96671, 0.0014686, 0.0135614, 1.16642, -0.00951516)

[node name="rig04_0001_FKRoot_M" parent="rig04_0001_Group/rig04_0001_MotionSystem/rig04_0001_FKSystem/rig04_0001_FKOffsetRoot_M/rig04_0001_FKExtraRoot_M" index="0"]
transform = Transform3D(1, 0, 0, 0, 1, 0, 0, 0, 1, 0, 0, 0)

[node name="rig04_0001_HipSwinger_M" parent="rig04_0001_Group/rig04_0001_MotionSystem/rig04_0001_FKSystem/rig04_0001_FKOffsetRoot_M/rig04_0001_FKExtraRoot_M/rig04_0001_FKRoot_M/rig04_0001_HipSwingerOffset_M" index="0"]
transform = Transform3D(0.993859, 0, -0.110654, 0, 1, 0, 0.110654, 0, 0.993859, 0, 0, 1.26218e-31)

[node name="rig04_0001_HipSwingReversePart1" parent="rig04_0001_Group/rig04_0001_MotionSystem/rig04_0001_FKSystem/rig04_0001_FKOffsetRoot_M/rig04_0001_FKExtraRoot_M/rig04_0001_FKRoot_M/rig04_0001_HipSwingReverse" index="0"]
transform = Transform3D(0.998472, 0, -0.0552682, 0, 1, 0, 0.0552682, 0, 0.998472, -0.0518589, 0, 0)

[node name="rig04_0001_HipSwingReversePart2" parent="rig04_0001_Group/rig04_0001_MotionSystem/rig04_0001_FKSystem/rig04_0001_FKOffsetRoot_M/rig04_0001_FKExtraRoot_M/rig04_0001_FKRoot_M/rig04_0001_HipSwingReverse/rig04_0001_HipSwingReversePart1" index="0"]
transform = Transform3D(0.998472, 0, -0.0552682, 0, 1, 0, 0.0552682, 0, 0.998472, -0.0518589, 0, 0)

[node name="rig04_0001_HipSwingReverseXPart1" parent="rig04_0001_Group/rig04_0001_MotionSystem/rig04_0001_FKSystem/rig04_0001_FKOffsetRoot_M/rig04_0001_FKExtraRoot_M/rig04_0001_FKRoot_M/rig04_0001_HipSwingReverse" index="1"]
transform = Transform3D(0.998472, 0, -0.0552682, 0, 1, 0, 0.0552682, 0, 0.998472, -0.0518589, 0, 0)

[node name="rig04_0001_HipSwingReverseXPart2" parent="rig04_0001_Group/rig04_0001_MotionSystem/rig04_0001_FKSystem/rig04_0001_FKOffsetRoot_M/rig04_0001_FKExtraRoot_M/rig04_0001_FKRoot_M/rig04_0001_HipSwingReverse" index="2"]
transform = Transform3D(0.993879, 0, -0.110473, 0, 1, 0, 0.110473, 0, 0.993879, -0.103718, 0, 6.31089e-32)

[node name="Skeleton3D" parent="rig04_0001_Group/rig04_0001_MotionSystem/rig04_0001_FKSystem/rig04_0001_FKOffsetRoot_M" index="1"]
bones/0/position = Vector3(-0.0295109, -0.00932022, -0.00836601)
bones/0/rotation = Quaternion(-1.23071e-32, -0.0553211, 6.81886e-34, 0.998469)
bones/3/rotation = Quaternion(0.00471116, 0.0275999, 0.0566686, 0.998)
bones/8/rotation = Quaternion(0.000786312, 0.0276335, 0.0284327, 0.999213)

[node name="rig04_0001_InbetweenRootPart0_M" parent="rig04_0001_Group/rig04_0001_MotionSystem/rig04_0001_FKSystem/rig04_0001_FKOffsetRoot_M/rig04_0001_InbetweenRoot_M" index="0"]
transform = Transform3D(0.993879, 0, -0.110473, 0, 1, 0, 0.110473, 0, 0.993879, 0, 0, 0)

[node name="rig04_0001_InbetweenRootPart1_M" parent="rig04_0001_Group/rig04_0001_MotionSystem/rig04_0001_FKSystem/rig04_0001_FKOffsetRoot_M/rig04_0001_InbetweenRoot_M/rig04_0001_InbetweenRootPart0_M" index="0"]
transform = Transform3D(0.992054, -0.112851, 0.0556234, 0.113371, 0.993533, -0.00627537, -0.0545555, 0.0125316, 0.998432, 0, 1.77636e-17, 0)

[node name="rig04_0001_InbetweenRootPart2_M" parent="rig04_0001_Group/rig04_0001_MotionSystem/rig04_0001_FKSystem/rig04_0001_FKOffsetRoot_M/rig04_0001_InbetweenRoot_M/rig04_0001_InbetweenRootPart0_M/rig04_0001_InbetweenRootPart1_M" index="0"]
transform = Transform3D(0.996856, -0.0567772, 0.0552682, 0.0568641, 0.998382, -2.32831e-10, -0.0551787, 0.00314278, 0.998472, 0, 0, 0)

[node name="rig04_0001_FKParentConstraintToWrist_L" parent="rig04_0001_Group/rig04_0001_MotionSystem/rig04_0001_FKSystem" index="4"]
transform = Transform3D(-0.344194, -0.526254, -0.777552, 0.691142, -0.70255, 0.169548, -0.635494, -0.479042, 0.60553, 0.228101, 1.09713, 0.116102)

[node name="rig04_0001_IKParentConstraintShoulder_R" parent="rig04_0001_Group/rig04_0001_MotionSystem/rig04_0001_IKSystem/rig04_0001_IKJoints" index="0"]
transform = Transform3D(-0.90286, -0.0549411, -0.426409, -0.422872, -0.0655449, 0.903815, -0.0776057, 0.996336, 0.0359448, -0.0324772, 1.48105, 0.0491033)

[node name="Skeleton3D" parent="rig04_0001_Group/rig04_0001_MotionSystem/rig04_0001_IKSystem/rig04_0001_IKJoints/rig04_0001_IKParentConstraintShoulder_R/rig04_0001_IKXOffsetShoulder_R" index="0"]
bones/0/rotation = Quaternion(0.102613, 0.0292365, -0.323291, 0.940265)
bones/2/rotation = Quaternion(1.57991e-15, 3.5626e-15, 0.405389, 0.914144)
bones/4/rotation = Quaternion(0.62141, -0.0718291, -0.0134513, 0.78007)

[node name="rig04_0001_IKParentConstraintHip_R" parent="rig04_0001_Group/rig04_0001_MotionSystem/rig04_0001_IKSystem/rig04_0001_IKJoints" index="1"]
transform = Transform3D(0.105902, -0.000301654, 0.994377, 0.961265, -0.255876, -0.102453, 0.254468, 0.966709, -0.0268077, 0.00510205, 1.14026, -0.0260807)

[node name="Skeleton3D" parent="rig04_0001_Group/rig04_0001_MotionSystem/rig04_0001_IKSystem/rig04_0001_IKJoints/rig04_0001_IKParentConstraintHip_R/rig04_0001_IKXOffsetHip_R" index="0"]
bones/0/rotation = Quaternion(0.214889, -0.0188736, 0.21555, 0.952368)
bones/2/rotation = Quaternion(-1.34433e-16, 8.86905e-16, -0.282363, 0.959308)
bones/4/rotation = Quaternion(0.0278982, 0.0402695, 0.0943506, 0.994333)

[node name="Skeleton3D" parent="rig04_0001_Group/rig04_0001_MotionSystem/rig04_0001_IKSystem/rig04_0001_IKJoints/rig04_0001_IKParentConstraintRoot_M/rig04_0001_IKXOffsetRoot_M" index="0"]
bones/0/position = Vector3(-0.0224066, 0.00234038, 0.0135614)
bones/0/rotation = Quaternion(-0.000328274, 0.00228063, 0.0772628, 0.997008)
bones/6/position = Vector3(0.0518584, -1.93841e-11, 9.55549e-06)
bones/8/position = Vector3(0.0446847, 2.1247e-06, -0.000104127)
bones/12/position = Vector3(0.0446741, -1.93013e-06, 9.45906e-05)

[node name="Skeleton3D" parent="rig04_0001_Group/rig04_0001_MotionSystem/rig04_0001_IKSystem/rig04_0001_IKJoints/rig04_0001_IKParentConstraintRoot_M" index="1"]
bones/0/rotation = Quaternion(-0.000328274, 0.00228063, 0.0772628, 0.997008)

[node name="rig04_0001_IKParentConstraintShoulder_L" parent="rig04_0001_Group/rig04_0001_MotionSystem/rig04_0001_IKSystem/rig04_0001_IKJoints" index="3"]
transform = Transform3D(-0.885096, -0.0656701, -0.460752, 0.457159, 0.0628864, -0.887159, 0.0872348, -0.995858, -0.0256388, 0.0566774, 1.48144, 0.0492343)

[node name="Skeleton3D" parent="rig04_0001_Group/rig04_0001_MotionSystem/rig04_0001_IKSystem/rig04_0001_IKJoints/rig04_0001_IKParentConstraintShoulder_L/rig04_0001_IKXOffsetShoulder_L" index="0"]
bones/0/rotation = Quaternion(0.103877, 0.0407038, -0.355539, 0.927979)
bones/2/rotation = Quaternion(1.68693e-15, 4.36149e-15, 0.470389, 0.882459)
bones/4/rotation = Quaternion(0.605156, -0.116268, -0.0339197, 0.786841)

[node name="rig04_0001_IKParentConstraintHip_L" parent="rig04_0001_Group/rig04_0001_MotionSystem/rig04_0001_IKSystem/rig04_0001_IKJoints" index="4"]
transform = Transform3D(0.105902, -0.000301654, 0.994377, 0.961265, -0.255876, -0.102453, 0.254468, 0.966709, -0.0268077, 0.00510205, 1.14026, -0.0260807)

[node name="Skeleton3D" parent="rig04_0001_Group/rig04_0001_MotionSystem/rig04_0001_IKSystem/rig04_0001_IKJoints/rig04_0001_IKParentConstraintHip_L/rig04_0001_IKXOffsetHip_L" index="0"]
bones/0/rotation = Quaternion(0.164351, -0.138757, 0.24286, 0.945915)
bones/2/rotation = Quaternion(-1.31083e-16, 7.17675e-16, -0.32556, 0.945521)
bones/4/rotation = Quaternion(0.0403837, 0.0597517, 0.105081, 0.991845)

[node name="rig04_0001_IKSpSpine2Offset_M" parent="rig04_0001_Group/rig04_0001_MotionSystem/rig04_0001_IKSystem/rig04_0001_IKJoints" index="5"]
transform = Transform3D(0.105902, -0.000301605, 0.994377, 0.961265, -0.255876, -0.102453, 0.254468, 0.966709, -0.0268078, 0.00510205, 1.14026, -0.0260807)

[node name="rig04_0001_IKSpRootPart1FollowOffset_M" parent="rig04_0001_Group/rig04_0001_MotionSystem/rig04_0001_IKSystem/rig04_0001_IKJoints/rig04_0001_IKSpSpine2Offset_M" index="1"]
transform = Transform3D(0.993879, 2.20539e-09, 0.110473, -3.81002e-10, 1, -1.65355e-08, -0.110473, 1.63922e-08, 0.993879, 0.0818092, 0.00930953, -0.000387498)

[node name="rig04_0001_IKSpRootPart2FollowOffset_M" parent="rig04_0001_Group/rig04_0001_MotionSystem/rig04_0001_IKSystem/rig04_0001_IKJoints/rig04_0001_IKSpSpine2Offset_M" index="2"]
transform = Transform3D(0.993879, -1.63321e-09, 0.110473, 4.14213e-12, 1, 1.47465e-08, -0.110473, -1.46558e-08, 0.993879, 0.133365, 0.00932242, -0.00586132)

[node name="rig04_0001_IKSpSpine1FollowOffset_M" parent="rig04_0001_Group/rig04_0001_MotionSystem/rig04_0001_IKSystem/rig04_0001_IKJoints/rig04_0001_IKSpSpine2Offset_M" index="3"]
transform = Transform3D(0.927921, 0.356032, 0.110473, -0.358225, 0.933635, -5.02914e-08, -0.103141, -0.0395741, 0.993879, 0.184887, 0.00931705, -0.0118791)

[node name="rig04_0001_IKSpSpine1Part1FollowOffset_M" parent="rig04_0001_Group/rig04_0001_MotionSystem/rig04_0001_IKSystem/rig04_0001_IKJoints/rig04_0001_IKSpSpine2Offset_M" index="4"]
transform = Transform3D(0.927921, 0.356032, 0.110473, -0.358225, 0.933635, -1.86265e-09, -0.103141, -0.0395741, 0.993879, 0.226341, -0.00668814, -0.0165842)

[node name="rig04_0001_IKSpSpine1Part2FollowOffset_M" parent="rig04_0001_Group/rig04_0001_MotionSystem/rig04_0001_IKSystem/rig04_0001_IKJoints/rig04_0001_IKSpSpine2Offset_M" index="5"]
transform = Transform3D(0.927921, 0.356032, 0.110473, -0.358225, 0.933635, -2.04891e-08, -0.103141, -0.0395741, 0.993879, 0.2678, -0.0226933, -0.0211881)

[node name="rig04_0001_IKSpChestFollowOffset_M" parent="rig04_0001_Group/rig04_0001_MotionSystem/rig04_0001_IKSystem/rig04_0001_IKJoints/rig04_0001_IKSpSpine2Offset_M" index="6"]
transform = Transform3D(0.933757, 0.340432, 0.110473, -0.342528, 0.939508, -2.6077e-08, -0.10379, -0.03784, 0.993879, 0.309259, -0.0386985, -0.0257919)

[node name="Skeleton3D" parent="rig04_0001_Group/rig04_0001_MotionSystem/rig04_0001_IKSystem/rig04_0001_IKJoints/rig04_0001_IKAcSpine2Offset_M" index="0"]
bones/0/position = Vector3(-0.0224066, 0.00234038, 0.0135614)
bones/0/rotation = Quaternion(-0.000328274, 0.00228063, 0.0772628, 0.997008)
bones/2/position = Vector3(0.0288326, 0.0103299, 0.013323)
bones/2/rotation = Quaternion(-0.000328284, 0.00228063, 0.0772549, 0.997009)
bones/3/position = Vector3(0.080072, 0.0183185, 0.0130845)
bones/3/rotation = Quaternion(-0.000393072, 0.00227036, 0.0488435, 0.998804)
bones/4/position = Vector3(0.131683, 0.0233783, 0.0128473)
bones/4/rotation = Quaternion(-0.000669765, 0.00220465, -0.0745693, 0.997213)
bones/5/position = Vector3(0.175865, 0.0167334, 0.0126553)
bones/5/rotation = Quaternion(-0.00073821, 0.00218268, -0.105641, 0.994402)
bones/6/position = Vector3(0.219546, 0.00734622, 0.0124683)
bones/6/rotation = Quaternion(-0.000738224, 0.00218268, -0.105645, 0.994401)
bones/7/position = Vector3(0.262355, -0.00185388, 0.0122851)
bones/7/rotation = Quaternion(-0.000328274, 0.00228063, 0.0772628, 0.997008)

[node name="rig04_0001_IKAcPociXformRoot_M" parent="rig04_0001_Group/rig04_0001_MotionSystem/rig04_0001_IKSystem/rig04_0001_IKJoints/rig04_0001_IKAcSpine2Offset3_M" index="0"]
transform = Transform3D(1, 0, 0, 0, 1, 0, 0, 0, 1, 0.0135614, 1.16642, -0.00951516)

[node name="rig04_0001_IKAcPociXformRootPart1_M" parent="rig04_0001_Group/rig04_0001_MotionSystem/rig04_0001_IKSystem/rig04_0001_IKJoints/rig04_0001_IKAcSpine2Offset3_M" index="1"]
transform = Transform3D(1, 0, 0, 0, 1, 0, 0, 0, 1, 0.013323, 1.21655, 0.00375409)

[node name="rig04_0001_IKAcPociXformRootPart2_M" parent="rig04_0001_Group/rig04_0001_MotionSystem/rig04_0001_IKSystem/rig04_0001_IKJoints/rig04_0001_IKAcSpine2Offset3_M" index="2"]
transform = Transform3D(1, 0, 0, 0, 1, 0, 0, 0, 1, 0.0130845, 1.26668, 0.0170226)

[node name="rig04_0001_IKAcPociXformSpine1_M" parent="rig04_0001_Group/rig04_0001_MotionSystem/rig04_0001_IKSystem/rig04_0001_IKJoints/rig04_0001_IKAcSpine2Offset3_M" index="3"]
transform = Transform3D(1, 0, 0, 0, 1, 0, 0, 0, 1, 0.0128473, 1.31749, 0.0274166)

[node name="rig04_0001_IKAcPociXformSpine1Part1_M" parent="rig04_0001_Group/rig04_0001_MotionSystem/rig04_0001_IKSystem/rig04_0001_IKJoints/rig04_0001_IKAcSpine2Offset3_M" index="4"]
transform = Transform3D(1, 0, 0, 0, 1, 0, 0, 0, 1, 0.0126553, 1.36212, 0.0253974)

[node name="rig04_0001_IKAcPociXformSpine1Part2_M" parent="rig04_0001_Group/rig04_0001_MotionSystem/rig04_0001_IKSystem/rig04_0001_IKJoints/rig04_0001_IKAcSpine2Offset3_M" index="5"]
transform = Transform3D(1, 0, 0, 0, 1, 0, 0, 0, 1, 0.0124683, 1.40654, 0.0205989)

[node name="rig04_0001_IKAcPociXformChest_M" parent="rig04_0001_Group/rig04_0001_MotionSystem/rig04_0001_IKSystem/rig04_0001_IKJoints/rig04_0001_IKAcSpine2Offset3_M" index="6"]
transform = Transform3D(1, 0, 0, 0, 1, 0, 0, 0, 1, 0.0122851, 1.45008, 0.0158958)

[node name="rig04_0001_IKAcSpine2Offset2_M" parent="rig04_0001_Group/rig04_0001_MotionSystem/rig04_0001_IKSystem/rig04_0001_IKJoints" index="8"]
transform = Transform3D(0.105902, -0.000301605, 0.994377, 0.961265, -0.255876, -0.102453, 0.254468, 0.966709, -0.0268078, 0.00510205, 1.14026, -0.0260807)

[node name="rig04_0001_IKAcRootPart1FollowOffset_M" parent="rig04_0001_Group/rig04_0001_MotionSystem/rig04_0001_IKSystem/rig04_0001_IKJoints/rig04_0001_IKAcSpine2Offset2_M" index="0"]
transform = Transform3D(0.993879, 1.83469e-09, 0.110473, -8.01559e-12, 1, -1.65355e-08, -0.110473, 1.64334e-08, 0.993879, 0.0818092, 0.00930953, -0.000387498)

[node name="rig04_0001_IKAcRootPart2FollowOffset_M" parent="rig04_0001_Group/rig04_0001_MotionSystem/rig04_0001_IKSystem/rig04_0001_IKJoints/rig04_0001_IKAcSpine2Offset2_M" index="1"]
transform = Transform3D(0.993879, 1.20617e-09, 0.110473, 4.1519e-12, 1, -1.09556e-08, -0.110473, 1.0889e-08, 0.993879, 0.133365, 0.00932242, -0.00586133)

[node name="rig04_0001_IKAcSpine1FollowOffset_M" parent="rig04_0001_Group/rig04_0001_MotionSystem/rig04_0001_IKSystem/rig04_0001_IKJoints/rig04_0001_IKAcSpine2Offset2_M" index="2"]
transform = Transform3D(0.927921, 0.356032, 0.110473, -0.358225, 0.933635, -2.23517e-08, -0.103141, -0.0395741, 0.993879, 0.184887, 0.00931705, -0.0118791)

[node name="rig04_0001_IKAcSpine1Part1FollowOffset_M" parent="rig04_0001_Group/rig04_0001_MotionSystem/rig04_0001_IKSystem/rig04_0001_IKJoints/rig04_0001_IKAcSpine2Offset2_M" index="3"]
transform = Transform3D(0.927921, 0.356032, 0.110473, -0.358225, 0.933635, -2.79397e-08, -0.103141, -0.0395741, 0.993879, 0.226341, -0.00668814, -0.0165842)

[node name="rig04_0001_IKAcSpine1Part2FollowOffset_M" parent="rig04_0001_Group/rig04_0001_MotionSystem/rig04_0001_IKSystem/rig04_0001_IKJoints/rig04_0001_IKAcSpine2Offset2_M" index="4"]
transform = Transform3D(0.927921, 0.356032, 0.110473, -0.358225, 0.933635, -2.04891e-08, -0.103141, -0.0395741, 0.993879, 0.2678, -0.0226933, -0.0211881)

[node name="rig04_0001_IKAcChestFollowOffset_M" parent="rig04_0001_Group/rig04_0001_MotionSystem/rig04_0001_IKSystem/rig04_0001_IKJoints/rig04_0001_IKAcSpine2Offset2_M" index="5"]
transform = Transform3D(0.933757, 0.340432, 0.110473, -0.342528, 0.939508, -2.42144e-08, -0.10379, -0.03784, 0.993879, 0.309264, -0.0386985, -0.0257)

[node name="rig04_0001_IKcvOffsetSpine21_M" parent="rig04_0001_Group/rig04_0001_MotionSystem/rig04_0001_IKSystem/rig04_0001_IKHandle/rig04_0001_IKHandleFollowMain" index="2"]
transform = Transform3D(0.999989, -0.00454208, -0.000778232, 0.00436795, 0.988051, -0.154066, 0.00146871, 0.154061, 0.98806, 0.013323, 1.21655, 0.00375409)

[node name="rig04_0001_IKcvOffsetSpine22_M" parent="rig04_0001_Group/rig04_0001_MotionSystem/rig04_0001_IKSystem/rig04_0001_IKHandle/rig04_0001_IKHandleFollowMain" index="3"]
transform = Transform3D(0.999989, -0.00454208, -0.000778232, 0.00436795, 0.988051, -0.154066, 0.00146871, 0.154061, 0.98806, 0.0130845, 1.26668, 0.0170233)

[node name="rig04_0001_IKcvOffsetSpine23_M" parent="rig04_0001_Group/rig04_0001_MotionSystem/rig04_0001_IKSystem/rig04_0001_IKHandle/rig04_0001_IKHandleFollowMain" index="4"]
transform = Transform3D(0.999989, -0.00454208, -0.000778232, 0.00436795, 0.988051, -0.154066, 0.00146871, 0.154061, 0.98806, 0.012846, 1.31681, 0.0302926)

[node name="rig04_0001_IKcvOffsetSpine24_M" parent="rig04_0001_Group/rig04_0001_MotionSystem/rig04_0001_IKSystem/rig04_0001_IKHandle/rig04_0001_IKHandleFollowMain" index="5"]
transform = Transform3D(0.999989, -0.00454208, -0.000778232, 0.00436795, 0.988051, -0.154066, 0.00146871, 0.154061, 0.98806, 0.0126591, 1.36123, 0.0254937)

[node name="rig04_0001_IKcvOffsetSpine25_M" parent="rig04_0001_Group/rig04_0001_MotionSystem/rig04_0001_IKSystem/rig04_0001_IKHandle/rig04_0001_IKHandleFollowMain" index="6"]
transform = Transform3D(0.999989, -0.00454208, -0.000778232, 0.00436795, 0.988051, -0.154066, 0.00146871, 0.154061, 0.98806, 0.0124721, 1.40566, 0.0206948)

[node name="rig04_0001_IKOffsetSpine22_M" parent="rig04_0001_Group/rig04_0001_MotionSystem/rig04_0001_IKSystem/rig04_0001_IKHandle/rig04_0001_IKHandleFollowMain" index="7"]
transform = Transform3D(0.999989, -0.00454208, -0.000778232, 0.00436795, 0.988051, -0.154066, 0.00146871, 0.154061, 0.98806, 0.0128979, 1.30635, 0.0261015)

[node name="rig04_0001_IKOffsetConstrainedSpine21_M" parent="rig04_0001_Group/rig04_0001_MotionSystem/rig04_0001_IKSystem/rig04_0001_IKHandle/rig04_0001_IKHandleFollowMain" index="8"]
transform = Transform3D(0.999989, -0.00454208, -0.000778232, 0.00436795, 0.988051, -0.154066, 0.00146871, 0.154061, 0.98806, 0.0135614, 1.16642, -0.00951516)

[node name="rig04_0001_IKFollowEndSpine21_M" parent="rig04_0001_Group/rig04_0001_MotionSystem/rig04_0001_IKSystem/rig04_0001_IKHandle/rig04_0001_IKHandleFollowMain/rig04_0001_IKFollowEndSpine2_M" index="0"]
transform = Transform3D(0.999989, -0.00454208, -0.000778232, 0.00436795, 0.988051, -0.154066, 0.00146871, 0.154061, 0.98806, 0.0135614, 1.16642, -0.00951516)

[node name="rig04_0001_IKFollowEndSpine23_M" parent="rig04_0001_Group/rig04_0001_MotionSystem/rig04_0001_IKSystem/rig04_0001_IKHandle/rig04_0001_IKHandleFollowMain/rig04_0001_IKFollowEndSpine2_M" index="1"]
transform = Transform3D(0.999989, -0.00454208, -0.000778232, 0.00436795, 0.988051, -0.154066, 0.00146871, 0.154061, 0.98806, 0.0122851, 1.45008, 0.0158958)

[node name="rig04_0001_PoleOffsetLeg_R" parent="rig04_0001_Group/rig04_0001_MotionSystem/rig04_0001_IKSystem/rig04_0001_IKHandle/rig04_0001_IKHandleFollowMain" index="11"]
transform = Transform3D(0.962963, 0.0602727, -0.26281, -0.0459075, 0.997114, 0.0604675, 0.265696, -0.046163, 0.962951, -0.150581, 0.77736, 0.919928)

[node name="rig04_0001_PoleAimLeg_R" parent="rig04_0001_Group/rig04_0001_MotionSystem/rig04_0001_IKSystem/rig04_0001_IKHandle/rig04_0001_IKHandleFollowMain" index="12"]
transform = Transform3D(-0.163648, -0.246828, -0.955141, -0.986458, 0.0516595, 0.155663, 0.0109201, 0.967681, -0.25194, 0.00510205, 1.14026, -0.0260807)

[node name="rig04_0001_PoleOffsetLeg_L" parent="rig04_0001_Group/rig04_0001_MotionSystem/rig04_0001_IKSystem/rig04_0001_IKHandle/rig04_0001_IKHandleFollowMain" index="16"]
transform = Transform3D(0.953782, -0.0865797, 0.287755, 0.0685762, 0.995038, 0.0720866, -0.292569, -0.0490218, 0.954987, 0.196018, 0.786365, 0.916881)

[node name="rig04_0001_PoleAimLeg_L" parent="rig04_0001_Group/rig04_0001_MotionSystem/rig04_0001_IKSystem/rig04_0001_IKHandle/rig04_0001_IKHandleFollowMain" index="17"]
transform = Transform3D(-0.188639, -0.272137, -0.943587, 0.981986, -0.0629069, -0.178173, -0.0108707, -0.9602, 0.279101, 0.00510205, 1.14026, -0.0260807)

[node name="rig04_0001_IKOffsetArm_RFollowNoScaleOffset" parent="rig04_0001_Group/rig04_0001_MotionSystem/rig04_0001_IKSystem/rig04_0001_IKFollow" index="0"]
transform = Transform3D(-0.902859, -0.054942, -0.42641, -0.422873, -0.0655449, 0.903815, -0.0776064, 0.996336, 0.0359444, -0.0324772, 1.48105, 0.0491033)

[node name="rig04_0001_IKOffsetArm_RFollow" parent="rig04_0001_Group/rig04_0001_MotionSystem/rig04_0001_IKSystem/rig04_0001_IKFollow/rig04_0001_IKOffsetArm_RFollowOffset" index="0"]
transform = Transform3D(0.978318, -0.066048, 0.196297, 0.0766135, 0.995966, -0.0467189, -0.19242, 0.0607449, 0.979431, 0.0388667, -0.0698592, 0.104819)

[node name="rig04_0001_IKhybridFollowSpine21_MFollowNoScaleOffset" parent="rig04_0001_Group/rig04_0001_MotionSystem/rig04_0001_IKSystem/rig04_0001_IKFollow" index="4"]
transform = Transform3D(0.999989, -0.00454208, -0.000778232, 0.00436795, 0.988051, -0.154066, 0.00146871, 0.154061, 0.98806, 0.0135614, 1.16642, -0.00951516)

[node name="rig04_0001_IKhybridFollowSpine21_MFollow" parent="rig04_0001_Group/rig04_0001_MotionSystem/rig04_0001_IKSystem/rig04_0001_IKFollow/rig04_0001_IKhybridFollowSpine21_MFollowOffset" index="0"]
transform = Transform3D(0.98805, -0.154065, 0.0044969, 0.154062, 0.988061, 0.001007, -0.00459835, -0.000302167, 0.999989, -0.0224066, 0.00234038, 0.0135614)

[node name="rig04_0001_PoleOffsetLeg_RFollowNoScaleOffset" parent="rig04_0001_Group/rig04_0001_MotionSystem/rig04_0001_IKSystem/rig04_0001_IKFollow" index="6"]
transform = Transform3D(-0.163648, -0.246828, -0.955141, -0.986458, 0.0516595, 0.155663, 0.0109201, 0.967681, -0.25194, 0.00510205, 1.14026, -0.0260807)

[node name="rig04_0001_PoleOffsetLeg_RFollow" parent="rig04_0001_Group/rig04_0001_MotionSystem/rig04_0001_IKSystem/rig04_0001_IKFollow/rig04_0001_PoleOffsetLeg_RFollowOffset" index="0"]
transform = Transform3D(0.962963, 0.0602727, -0.26281, -0.0459075, 0.997114, 0.0604675, 0.265696, -0.046163, 0.962951, -0.268653, 0.00330471, -0.000495767)

[node name="rig04_0001_IKOffsetArm_LFollowNoScaleOffset" parent="rig04_0001_Group/rig04_0001_MotionSystem/rig04_0001_IKSystem/rig04_0001_IKFollow" index="8"]
transform = Transform3D(-0.885096, -0.0656706, -0.460752, 0.457161, 0.0628864, -0.887158, 0.0872354, -0.995858, -0.0256385, 0.0566774, 1.48144, 0.0492343)

[node name="rig04_0001_IKOffsetArm_LFollow" parent="rig04_0001_Group/rig04_0001_MotionSystem/rig04_0001_IKSystem/rig04_0001_IKFollow/rig04_0001_IKOffsetArm_LFollowOffset" index="0"]
transform = Transform3D(0.97719, 0.104498, -0.184878, -0.112742, 0.993021, -0.0346286, 0.179969, 0.0546822, 0.982151, -0.0295846, -0.0765885, 0.104421)

[node name="rig04_0001_PoleOffsetLeg_LFollowNoScaleOffset" parent="rig04_0001_Group/rig04_0001_MotionSystem/rig04_0001_IKSystem/rig04_0001_IKFollow" index="12"]
transform = Transform3D(-0.188639, -0.272137, -0.943587, 0.981986, -0.0629069, -0.178173, -0.0108707, -0.9602, 0.279101, 0.00510205, 1.14026, -0.0260807)

[node name="rig04_0001_PoleOffsetLeg_LFollow" parent="rig04_0001_Group/rig04_0001_MotionSystem/rig04_0001_IKSystem/rig04_0001_IKFollow/rig04_0001_PoleOffsetLeg_LFollowOffset" index="0"]
transform = Transform3D(0.953782, -0.0865797, 0.287755, 0.0685762, 0.995038, 0.0720866, -0.292569, -0.0490218, 0.954987, 0.31409, 0.0123102, -0.00354319)

[node name="rig04_0001_IKmessureLoc1Arm_R" parent="rig04_0001_Group/rig04_0001_MotionSystem/rig04_0001_IKSystem/rig04_0001_IKMessure" index="0"]
transform = Transform3D(1, 0, 0, 0, 1, 0, 0, 0, 1, -0.0823619, 1.45769, 0.0448155)

[node name="rig04_0001_IKmessureLoc2Arm_R" parent="rig04_0001_Group/rig04_0001_MotionSystem/rig04_0001_IKSystem/rig04_0001_IKMessure/rig04_0001_IKmessureLoc1Arm_R" index="0"]
transform = Transform3D(1, 0, 0, 0, 1, 0, 0, 0, 1, -0.184936, -0.298591, -0.0953512)

[node name="rig04_0001_IKmessureLoc1Leg_R" parent="rig04_0001_Group/rig04_0001_MotionSystem/rig04_0001_IKSystem/rig04_0001_IKMessure" index="2"]
transform = Transform3D(1, 0, 0, 0, 1, 0, 0, 0, 1, -0.0769265, 1.11622, -0.0383791)

[node name="rig04_0001_IKmessureLoc2Leg_R" parent="rig04_0001_Group/rig04_0001_MotionSystem/rig04_0001_IKSystem/rig04_0001_IKMessure/rig04_0001_IKmessureLoc1Leg_R" index="0"]
transform = Transform3D(1, 0, 0, 0, 1, 0, 0, 0, 1, -0.074539, -0.920059, 0.0227464)

[node name="rig04_0001_IKmessureLoc1Arm_L" parent="rig04_0001_Group/rig04_0001_MotionSystem/rig04_0001_IKSystem/rig04_0001_IKMessure" index="4"]
transform = Transform3D(1, 0, 0, 0, 1, 0, 0, 0, 1, 0.105581, 1.45618, 0.0444144)

[node name="rig04_0001_IKmessureLoc2Arm_L" parent="rig04_0001_Group/rig04_0001_MotionSystem/rig04_0001_IKSystem/rig04_0001_IKMessure/rig04_0001_IKmessureLoc1Arm_L" index="0"]
transform = Transform3D(1, 0, 0, 0, 1, 0, 0, 0, 1, 0.161717, -0.297086, -0.0949501)

[node name="rig04_0001_IKmessureLoc1Leg_L" parent="rig04_0001_Group/rig04_0001_MotionSystem/rig04_0001_IKSystem/rig04_0001_IKMessure" index="6"]
transform = Transform3D(1, 0, 0, 0, 1, 0, 0, 0, 1, 0.0797385, 1.10008, -0.0426026)

[node name="rig04_0001_IKmessureLoc2Leg_L" parent="rig04_0001_Group/rig04_0001_MotionSystem/rig04_0001_IKSystem/rig04_0001_IKMessure/rig04_0001_IKmessureLoc1Leg_L" index="0"]
transform = Transform3D(1, 0, 0, 0, 1, 0, 0, 0, 1, 0.106758, -0.903917, 0.0269699)

[node name="rig04_0001_FKIKParentConstraintArm_R" parent="rig04_0001_Group/rig04_0001_MotionSystem/rig04_0001_FKIKSystem" index="0"]
transform = Transform3D(-0.902859, -0.054942, -0.42641, -0.422873, -0.0655449, 0.903815, -0.0776064, 0.996336, 0.0359444, -0.0324772, 1.48105, 0.0491033)

[node name="rig04_0001_FKIKArm_R" parent="rig04_0001_Group/rig04_0001_MotionSystem/rig04_0001_FKIKSystem/rig04_0001_FKIKParentConstraintArm_R" index="0"]
transform = Transform3D(-0.900749, -0.366249, -0.233482, -0.250486, -0.00112951, 0.96812, -0.354836, 0.930516, -0.0907227, 0.186243, 0.0697103, -0.00481354)

[node name="rig04_0001_FKIKParentConstraintLeg_R" parent="rig04_0001_Group/rig04_0001_MotionSystem/rig04_0001_FKIKSystem" index="1"]
transform = Transform3D(0.105902, -0.000301605, 0.994377, 0.961265, -0.255876, -0.102453, 0.254468, 0.966709, -0.0268078, 0.00510205, 1.14026, -0.0260807)

[node name="rig04_0001_FKIKLeg_R" parent="rig04_0001_Group/rig04_0001_MotionSystem/rig04_0001_FKIKSystem/rig04_0001_FKIKParentConstraintLeg_R" index="0"]
transform = Transform3D(1.30661e-07, 0.994589, 0.103885, -9.08196e-09, -0.103885, 0.994589, 1, -1.30898e-07, -4.54098e-09, -0.13184, 0.0415525, -0.20934)

[node name="rig04_0001_FKIKParentConstraintSpine2_M" parent="rig04_0001_Group/rig04_0001_MotionSystem/rig04_0001_FKIKSystem" index="2"]
transform = Transform3D(0.105902, -0.000301605, 0.994377, 0.961265, -0.255876, -0.102453, 0.254468, 0.966709, -0.0268078, 0.00510205, 1.14026, -0.0260807)

[node name="rig04_0001_FKIKSpine2_M" parent="rig04_0001_Group/rig04_0001_MotionSystem/rig04_0001_FKIKSystem/rig04_0001_FKIKParentConstraintSpine2_M" index="0"]
transform = Transform3D(1.30661e-07, 0.994589, 0.103885, -9.08196e-09, -0.103885, 0.994589, 1, -1.30898e-07, -4.54098e-09, 0.105838, 0, 0.238104)

[node name="rig04_0001_FKIKParentConstraintArm_L" parent="rig04_0001_Group/rig04_0001_MotionSystem/rig04_0001_FKIKSystem" index="3"]
transform = Transform3D(-0.885096, -0.0656706, -0.460752, 0.457161, 0.0628864, -0.887158, 0.0872354, -0.995858, -0.0256385, 0.0566774, 1.48144, 0.0492343)

[node name="rig04_0001_FKIKArm_L" parent="rig04_0001_Group/rig04_0001_MotionSystem/rig04_0001_FKIKSystem/rig04_0001_FKIKParentConstraintArm_L" index="0"]
transform = Transform3D(-0.900749, 0.366249, 0.233482, -0.250486, 0.00112952, -0.96812, -0.354836, -0.930516, 0.0907227, -0.186243, -0.0697103, 0.00481354)

[node name="rig04_0001_FKIKParentConstraintLeg_L" parent="rig04_0001_Group/rig04_0001_MotionSystem/rig04_0001_FKIKSystem" index="4"]
transform = Transform3D(0.105902, -0.000301605, 0.994377, 0.961265, -0.255876, -0.102453, 0.254468, 0.966709, -0.0268078, 0.00510205, 1.14026, -0.0260807)

[node name="rig04_0001_FKIKLeg_L" parent="rig04_0001_Group/rig04_0001_MotionSystem/rig04_0001_FKIKSystem/rig04_0001_FKIKParentConstraintLeg_L" index="0"]
transform = Transform3D(1.30661e-07, 0.994589, 0.103885, -9.08196e-09, -0.103885, 0.994589, 1, -1.30898e-07, -4.54098e-09, -0.13184, 0.0415525, 0.20934)

[node name="rig04_0001_AimFollowEye" parent="rig04_0001_Group/rig04_0001_MotionSystem/rig04_0001_AimSystem/rig04_0001_AimEye/rig04_0001_AimOffsetEye" index="0"]
transform = Transform3D(0.999898, 0.0107852, -0.00944048, -0.0111297, 0.999244, -0.0372407, 0.0090317, 0.0373419, 0.999261, 0.00927217, -0.0567084, 0.127608)

[node name="rig04_0001_AimFollowOnEye" parent="rig04_0001_Group/rig04_0001_MotionSystem/rig04_0001_AimSystem/rig04_0001_AimEye/rig04_0001_AimOffsetEye" index="1"]
transform = Transform3D(0.999898, 0.0107852, -0.00944048, -0.0111297, 0.999244, -0.0372407, 0.0090317, 0.0373419, 0.999261, 0.00927217, -0.0567084, 0.127608)

[node name="rig04_0001_LegLockConstrained" parent="rig04_0001_Group/rig04_0001_MotionSystem/rig04_0001_RootSystem" index="1"]
transform = Transform3D(0.105902, -0.000301605, 0.994377, 0.961265, -0.255876, -0.102453, 0.254468, 0.966709, -0.0268078, 0.00510205, 1.14026, -0.0260807)

[node name="rig04_0001_RootX_M" parent="rig04_0001_Group/rig04_0001_MotionSystem/rig04_0001_RootSystem/rig04_0001_RootCenterBtwLegsBlended_M/rig04_0001_RootOffsetX_M/rig04_0001_RootExtraX_M" index="0"]
transform = Transform3D(0.999989, -0.00454194, -0.000778991, 0.00436795, 0.988077, -0.153901, 0.00146871, 0.153896, 0.988086, 0.0134942, -0.0224398, 0)

[node name="rig04_0001_TwistFollowHead_M" parent="rig04_0001_Group/rig04_0001_MotionSystem/rig04_0001_TwistSystem/rig04_0001_TwistFollowOffsetHead_M" index="0"]
transform = Transform3D(0.999274, -0.0372443, -0.00805563, 0.0373383, 0.999232, 0.0118554, 0.0076079, -0.0121475, 0.999898, -0.00869672, 0.135672, 0.0115162)

[node name="rig04_0001_TwistFollowParentHead_M" parent="rig04_0001_Group/rig04_0001_MotionSystem/rig04_0001_TwistSystem/rig04_0001_TwistFollowParentOffsetHead_M" index="0"]
transform = Transform3D(0.947526, -0.319657, 0.00378429, 0.319648, 0.947532, 0.00262969, -0.00442633, -0.00128205, 0.99999, -0.0759211, 0.0775592, 0.0119531)

[node name="rig04_0001_TwistFollowSpine22_M" parent="rig04_0001_Group/rig04_0001_MotionSystem/rig04_0001_TwistSystem/rig04_0001_TwistFollowOffsetSpine22_M" index="0"]
transform = Transform3D(0.98805, -0.154065, 0.0044969, 0.154062, 0.988061, 0.001007, -0.00459835, -0.000302167, 0.999989, -0.0239202, 0.024602, 0.0128979)

[node name="rig04_0001_TwistFollowParentSpine22_M" parent="rig04_0001_Group/rig04_0001_MotionSystem/rig04_0001_TwistSystem/rig04_0001_TwistFollowParentOffsetSpine22_M" index="0"]
transform = Transform3D(0.98805, -0.154065, 0.0044969, 0.154062, 0.988061, 0.001007, -0.00459835, -0.000302167, 0.999989, -0.0239202, 0.024602, 0.0128979)

[node name="rig04_0001_TwistFollowWrist_R" parent="rig04_0001_Group/rig04_0001_MotionSystem/rig04_0001_TwistSystem/rig04_0001_TwistFollowOffsetWrist_R" index="0"]
transform = Transform3D(0.802597, -0.376489, 0.462703, 0.364304, 0.923572, 0.11957, -0.472356, 0.0725979, 0.878413, 0.0344018, 0.0483644, -0.173085)

[node name="rig04_0001_TwistFollowParentWrist_R" parent="rig04_0001_Group/rig04_0001_MotionSystem/rig04_0001_TwistSystem/rig04_0001_TwistFollowParentOffsetWrist_R" index="0"]
transform = Transform3D(0.933102, -0.343946, -0.104982, 0.354588, 0.928611, 0.109308, 0.0598912, -0.139221, 0.988448, 0.0572938, 0.107197, 0.00227242)

[node name="Skeleton3D" parent="rig04_0001_Group/rig04_0001_MotionSystem/rig04_0001_TwistSystem/rig04_0001_TwistFollowParentOffsetWrist_R/rig04_0001_TwistFollowParentWrist_R" index="0"]
bones/0/rotation = Quaternion(0.61612, -0.0696613, 0.140705, 0.771846)
bones/2/rotation = Quaternion(0.0206918, 0, 0, 0.999786)
bones/4/rotation = Quaternion(0.00690375, 0, 0, 0.999976)
bones/5/rotation = Quaternion(0.0137951, 0, 0, 0.999905)

