[gd_scene load_steps=36 format=3 uid="uid://dit45cnjx68ie"]

[ext_resource type="PackedScene" uid="uid://dfi3off64iusc" path="res://assets/player_character/valerie_anim02/PC RIG.fbx" id="1_l433w"]
[ext_resource type="Script" uid="uid://c66nvjg5ps52s" path="res://scenes/valerie.gd" id="2_7i0dl"]
[ext_resource type="Animation" uid="uid://ctmr4ax23gnf" path="res://assets/player_character/valerie_anim02/02GLIDE.res" id="2_riskd"]
[ext_resource type="Animation" uid="uid://dpug8gpjmrdbe" path="res://assets/player_character/valerie_anim02/04TURNRIGHT.res" id="3_7i0dl"]
[ext_resource type="Animation" uid="uid://qdkc50uakcwg" path="res://assets/player_character/valerie_anim02/06TURNLEFT.res" id="4_fcl0u"]
[ext_resource type="Animation" uid="uid://66c2gaorh0gj" path="res://assets/player_character/valerie_anim02/IDLE.res" id="5_ropus"]
[ext_resource type="Animation" uid="uid://ceyopkidb7iui" path="res://assets/player_character/valerie_anim02/SKATECYCLE.res" id="6_682pp"]

[sub_resource type="AnimationLibrary" id="AnimationLibrary_xr7e8"]
_data = {
&"02GLIDE": ExtResource("2_riskd"),
&"04TURNRIGHT": ExtResource("3_7i0dl"),
&"06TURNLEFT": ExtResource("4_fcl0u"),
&"IDLE": ExtResource("5_ropus"),
&"SKATECYCLE": ExtResource("6_682pp")
}

[sub_resource type="AnimationNodeBlend2" id="AnimationNodeBlend2_7i0dl"]

[sub_resource type="AnimationNodeAnimation" id="AnimationNodeAnimation_ropus"]
animation = &"valerie_anim02/SKATECYCLE"

[sub_resource type="AnimationNodeAnimation" id="AnimationNodeAnimation_b0yvp"]
animation = &"valerie_anim02/06TURNLEFT"

[sub_resource type="AnimationNodeBlendTree" id="AnimationNodeBlendTree_bfm4i"]
graph_offset = Vector2(-358.434, -80.6052)
nodes/Blend2/node = SubResource("AnimationNodeBlend2_7i0dl")
nodes/Blend2/position = Vector2(480, 120)
nodes/output/position = Vector2(760, 160)
nodes/skate_cycle/node = SubResource("AnimationNodeAnimation_ropus")
nodes/skate_cycle/position = Vector2(100, 40)
nodes/turn_left/node = SubResource("AnimationNodeAnimation_b0yvp")
nodes/turn_left/position = Vector2(100, 380)
node_connections = [&"Blend2", 0, &"skate_cycle", &"Blend2", 1, &"turn_left", &"output", 0, &"Blend2"]

[sub_resource type="AnimationNodeBlend2" id="AnimationNodeBlend2_riskd"]

[sub_resource type="AnimationNodeAnimation" id="AnimationNodeAnimation_v0c5h"]
animation = &"valerie_anim02/04TURNRIGHT"

[sub_resource type="AnimationNodeAnimation" id="AnimationNodeAnimation_fa7ah"]
animation = &"valerie_anim02/SKATECYCLE"

[sub_resource type="AnimationNodeBlendTree" id="AnimationNodeBlendTree_b0yvp"]
graph_offset = Vector2(-223, 21)
nodes/Blend2/node = SubResource("AnimationNodeBlend2_riskd")
nodes/Blend2/position = Vector2(420, 160)
nodes/TurnRight/node = SubResource("AnimationNodeAnimation_v0c5h")
nodes/TurnRight/position = Vector2(20, 280)
nodes/output/position = Vector2(720, 220)
nodes/skate_cycle/node = SubResource("AnimationNodeAnimation_fa7ah")
nodes/skate_cycle/position = Vector2(40, 80)
node_connections = [&"Blend2", 0, &"skate_cycle", &"Blend2", 1, &"TurnRight", &"output", 0, &"Blend2"]

[sub_resource type="AnimationNodeAnimation" id="AnimationNodeAnimation_682pp"]
animation = &"valerie_anim02/SKATECYCLE"

[sub_resource type="AnimationNodeBlend3" id="AnimationNodeBlend3_riskd"]

[sub_resource type="AnimationNodeAnimation" id="AnimationNodeAnimation_bfm4i"]
animation = &"valerie_anim02/06TURNLEFT"

[sub_resource type="AnimationNodeAnimation" id="AnimationNodeAnimation_0pvkb"]
animation = &"valerie_anim02/04TURNRIGHT"

[sub_resource type="AnimationNodeBlendTree" id="AnimationNodeBlendTree_tiysj"]
graph_offset = Vector2(-417.979, -37.9611)
nodes/output/position = Vector2(600, 220)
nodes/skate_cycle/node = SubResource("AnimationNodeAnimation_682pp")
nodes/skate_cycle/position = Vector2(-400, 240)
nodes/skate_direction_anim_blend/node = SubResource("AnimationNodeBlend3_riskd")
nodes/skate_direction_anim_blend/position = Vector2(120, 160)
nodes/turn_left/node = SubResource("AnimationNodeAnimation_bfm4i")
nodes/turn_left/position = Vector2(-400, 420)
nodes/turn_right/node = SubResource("AnimationNodeAnimation_0pvkb")
nodes/turn_right/position = Vector2(-420, 60)
node_connections = [&"output", 0, &"skate_direction_anim_blend", &"skate_direction_anim_blend", 0, &"turn_right", &"skate_direction_anim_blend", 1, &"skate_cycle", &"skate_direction_anim_blend", 2, &"turn_left"]

[sub_resource type="AnimationNodeAnimation" id="AnimationNodeAnimation_xr7e8"]
animation = &"valerie_anim02/IDLE"

[sub_resource type="AnimationNodeAnimation" id="AnimationNodeAnimation_7i0dl"]
animation = &"valerie_anim02/IDLE"

[sub_resource type="AnimationNodeAnimation" id="AnimationNodeAnimation_fcl0u"]
animation = &"valerie_anim02/SKATECYCLE"

[sub_resource type="AnimationNodeStateMachineTransition" id="AnimationNodeStateMachineTransition_7i0dl"]
advance_mode = 2

[sub_resource type="AnimationNodeStateMachineTransition" id="AnimationNodeStateMachineTransition_v4gb1"]
xfade_time = 0.2
switch_mode = 1
advance_mode = 2
advance_expression = "parent_model.current_state.turning_direction == \"straight\""

[sub_resource type="AnimationNodeStateMachineTransition" id="AnimationNodeStateMachineTransition_ropus"]
xfade_time = 0.2
switch_mode = 1
advance_mode = 2
advance_expression = "parent_model.current_state.turning_direction == \"straight\""

[sub_resource type="AnimationNodeStateMachineTransition" id="AnimationNodeStateMachineTransition_re18b"]
xfade_time = 0.3
switch_mode = 1
advance_mode = 2
advance_expression = "parent_model.current_state.turning_direction == \"right\""

[sub_resource type="AnimationNodeStateMachineTransition" id="AnimationNodeStateMachineTransition_fcl0u"]
xfade_time = 0.3
switch_mode = 1
advance_mode = 2
advance_expression = "parent_model.current_state.turning_direction == \"left\""

[sub_resource type="AnimationNodeStateMachineTransition" id="AnimationNodeStateMachineTransition_qeohi"]
xfade_time = 0.1
advance_mode = 2
advance_expression = "parent_model.current_state == parent_model.states[\"skate\"]"

[sub_resource type="AnimationNodeStateMachineTransition" id="AnimationNodeStateMachineTransition_fa7ah"]
xfade_time = 0.1
advance_mode = 2
advance_expression = "parent_model.current_state == parent_model.states[\"idle\"]"

[sub_resource type="Curve" id="Curve_riskd"]
_data = [Vector2(0, 0), 0.0, 0.0, 0, 0, Vector2(0.344371, 0.0428938), 0.124557, 0.613035, 1, 0, Vector2(1, 1), 0.0, 0.0, 0, 0]
point_count = 3

[sub_resource type="AnimationNodeStateMachineTransition" id="AnimationNodeStateMachineTransition_riskd"]
xfade_time = 0.3
xfade_curve = SubResource("Curve_riskd")
priority = 2
advance_mode = 2
advance_expression = "parent_model.current_state.is_gliding"

[sub_resource type="AnimationNodeStateMachineTransition" id="AnimationNodeStateMachineTransition_682pp"]
xfade_time = 0.1
advance_mode = 2
advance_expression = "!parent_model.current_state.is_gliding"

[sub_resource type="AnimationNodeStateMachine" id="AnimationNodeStateMachine_xr7e8"]
states/End/position = Vector2(1425, 174)
states/Start/position = Vector2(-361, 200)
states/TurnLeftBlendTree/node = SubResource("AnimationNodeBlendTree_bfm4i")
states/TurnLeftBlendTree/position = Vector2(1006.15, 101)
states/TurnRightBlendTree/node = SubResource("AnimationNodeBlendTree_b0yvp")
states/TurnRightBlendTree/position = Vector2(1281.15, 210)
states/skating/node = SubResource("AnimationNodeBlendTree_tiysj")
states/skating/position = Vector2(22.152, 300)
states/valerie_anim02_IDLE/node = SubResource("AnimationNodeAnimation_7i0dl")
states/valerie_anim02_IDLE/position = Vector2(-169, 200)
"states/valerie_anim02_IDLE 2/node" = SubResource("AnimationNodeAnimation_xr7e8")
"states/valerie_anim02_IDLE 2/position" = Vector2(206, 401)
states/valerie_anim02_SKATECYCLE/node = SubResource("AnimationNodeAnimation_fcl0u")
states/valerie_anim02_SKATECYCLE/position = Vector2(727, 204)
transitions = ["Start", "valerie_anim02_IDLE", SubResource("AnimationNodeStateMachineTransition_7i0dl"), "TurnRightBlendTree", "valerie_anim02_SKATECYCLE", SubResource("AnimationNodeStateMachineTransition_v4gb1"), "TurnLeftBlendTree", "valerie_anim02_SKATECYCLE", SubResource("AnimationNodeStateMachineTransition_ropus"), "valerie_anim02_SKATECYCLE", "TurnRightBlendTree", SubResource("AnimationNodeStateMachineTransition_re18b"), "valerie_anim02_SKATECYCLE", "TurnLeftBlendTree", SubResource("AnimationNodeStateMachineTransition_fcl0u"), "valerie_anim02_IDLE", "skating", SubResource("AnimationNodeStateMachineTransition_qeohi"), "skating", "valerie_anim02_IDLE", SubResource("AnimationNodeStateMachineTransition_fa7ah"), "skating", "valerie_anim02_IDLE 2", SubResource("AnimationNodeStateMachineTransition_riskd"), "valerie_anim02_IDLE 2", "skating", SubResource("AnimationNodeStateMachineTransition_682pp")]
graph_offset = Vector2(-527.848, 157)

[node name="Valerie01" instance=ExtResource("1_l433w")]
script = ExtResource("2_7i0dl")

[node name="rig04_0001_FitSkeleton" parent="rig04_0001_Group" index="0"]
visible = false

[node name="rig04_0001_MotionSystem" parent="rig04_0001_Group" index="1"]
visible = false

[node name="rig04_0001_FKParentConstraintToChest_M" parent="rig04_0001_Group/rig04_0001_MotionSystem/rig04_0001_FKSystem" index="0"]
transform = Transform3D(0.00448663, -0.0266791, 0.999635, 0.875901, -0.482198, -0.0168006, 0.482469, 0.875656, 0.0212049, 0.0163385, 1.22982, 0.32202)

[node name="rig04_0001_FKScapula_R" parent="rig04_0001_Group/rig04_0001_MotionSystem/rig04_0001_FKSystem/rig04_0001_FKParentConstraintToChest_M/rig04_0001_FKOffsetScapula_R/rig04_0001_FKExtraScapula_R" index="0"]
transform = Transform3D(1, 0, 0, 0, 1, 0, 0, 0, 1, 0, 0, 0)

[node name="Skeleton3D" parent="rig04_0001_Group/rig04_0001_MotionSystem/rig04_0001_FKSystem/rig04_0001_FKParentConstraintToChest_M/rig04_0001_FKOffsetScapula_R/rig04_0001_FKExtraScapula_R/rig04_0001_FKScapula_R" index="0"]
bones/3/rotation = Quaternion(-0.178149, 0.155983, -0.173205, 0.955998)
bones/8/rotation = Quaternion(0.00462592, -0.0746648, 0.0346304, 0.996597)

[node name="rig04_0001_FKScapula_L" parent="rig04_0001_Group/rig04_0001_MotionSystem/rig04_0001_FKSystem/rig04_0001_FKParentConstraintToChest_M/rig04_0001_FKOffsetScapula_L/rig04_0001_FKExtraScapula_L" index="0"]
transform = Transform3D(0.999999, 0, 0, 0, 1, 0, 0, 0, 1, 0, 0, 0)

[node name="Skeleton3D" parent="rig04_0001_Group/rig04_0001_MotionSystem/rig04_0001_FKSystem/rig04_0001_FKParentConstraintToChest_M/rig04_0001_FKOffsetScapula_L/rig04_0001_FKExtraScapula_L/rig04_0001_FKScapula_L" index="0"]
bones/3/rotation = Quaternion(-0.0861741, -0.344732, 0.522231, 0.775247)
bones/8/rotation = Quaternion(-0.324643, -0.130315, 0.473231, 0.808503)

[node name="rig04_0001_FKParentConstraintToWrist_R" parent="rig04_0001_Group/rig04_0001_MotionSystem/rig04_0001_FKSystem" index="1"]
transform = Transform3D(-0.421845, -0.607973, -0.672618, -0.438884, -0.512222, 0.738247, -0.793365, 0.606627, -0.0507517, -0.21348, 1.1474, -0.0108732)

[node name="rig04_0001_FKParentConstraintToRoot_M" parent="rig04_0001_Group/rig04_0001_MotionSystem/rig04_0001_FKSystem" index="2"]
transform = Transform3D(0.0946957, 0.0229191, 0.995243, 0.587819, -0.808131, -0.0373198, 0.803431, 0.588556, -0.0899989, 0.00871883, 1.01442, 0.138128)

[node name="rig04_0001_FKOffsetRoot_M" parent="rig04_0001_Group/rig04_0001_MotionSystem/rig04_0001_FKSystem" index="3"]
transform = Transform3D(-0.00492318, -0.0266021, 0.999634, 0.657751, -0.753048, -0.0168006, 0.753219, 0.657428, 0.021205, 0.0164432, 1.00902, 0.142145)

[node name="rig04_0001_HipSwinger_M" parent="rig04_0001_Group/rig04_0001_MotionSystem/rig04_0001_FKSystem/rig04_0001_FKOffsetRoot_M/rig04_0001_FKExtraRoot_M/rig04_0001_FKRoot_M/rig04_0001_HipSwingerOffset_M" index="0"]
transform = Transform3D(1, 0, 0, 0, 1, 0, 0, 0, 1, 0, 0, 1.26218e-31)

[node name="rig04_0001_HipSwingReversePart1" parent="rig04_0001_Group/rig04_0001_MotionSystem/rig04_0001_FKSystem/rig04_0001_FKOffsetRoot_M/rig04_0001_FKExtraRoot_M/rig04_0001_FKRoot_M/rig04_0001_HipSwingReverse" index="0"]
transform = Transform3D(1, 0, 0, 0, 1, 0, 0, 0, 1, -0.0518589, 0, 0)

[node name="rig04_0001_HipSwingReversePart2" parent="rig04_0001_Group/rig04_0001_MotionSystem/rig04_0001_FKSystem/rig04_0001_FKOffsetRoot_M/rig04_0001_FKExtraRoot_M/rig04_0001_FKRoot_M/rig04_0001_HipSwingReverse/rig04_0001_HipSwingReversePart1" index="0"]
transform = Transform3D(1, 0, 0, 0, 1, 0, 0, 0, 1, -0.0518589, 0, 0)

[node name="rig04_0001_HipSwingReverseXPart1" parent="rig04_0001_Group/rig04_0001_MotionSystem/rig04_0001_FKSystem/rig04_0001_FKOffsetRoot_M/rig04_0001_FKExtraRoot_M/rig04_0001_FKRoot_M/rig04_0001_HipSwingReverse" index="1"]
transform = Transform3D(1, 0, 0, 0, 1, 0, 0, 0, 1, -0.0518589, 0, 0)

[node name="rig04_0001_HipSwingReverseXPart2" parent="rig04_0001_Group/rig04_0001_MotionSystem/rig04_0001_FKSystem/rig04_0001_FKOffsetRoot_M/rig04_0001_FKExtraRoot_M/rig04_0001_FKRoot_M/rig04_0001_HipSwingReverse" index="2"]
transform = Transform3D(1, 0, 0, 0, 1, 0, 0, 0, 1, -0.103718, 0, 6.31089e-32)

[node name="rig04_0001_InbetweenRootPart0_M" parent="rig04_0001_Group/rig04_0001_MotionSystem/rig04_0001_FKSystem/rig04_0001_FKOffsetRoot_M/rig04_0001_InbetweenRoot_M" index="0"]
transform = Transform3D(1, 0, 0, 0, 1, 0, 0, 0, 1, 0, 0, 0)

[node name="rig04_0001_InbetweenRootPart1_M" parent="rig04_0001_Group/rig04_0001_MotionSystem/rig04_0001_FKSystem/rig04_0001_FKOffsetRoot_M/rig04_0001_InbetweenRoot_M/rig04_0001_InbetweenRootPart0_M" index="0"]
transform = Transform3D(1, 0, 0, 0, 1, 0, 0, 0, 0.999999, 0, 1.77636e-17, 0)

[node name="rig04_0001_InbetweenRootPart2_M" parent="rig04_0001_Group/rig04_0001_MotionSystem/rig04_0001_FKSystem/rig04_0001_FKOffsetRoot_M/rig04_0001_InbetweenRoot_M/rig04_0001_InbetweenRootPart0_M/rig04_0001_InbetweenRootPart1_M" index="0"]
transform = Transform3D(1, 0, 0, 0, 1, 0, 0, 0, 1, 0, 0, 0)

[node name="rig04_0001_FKParentConstraintToWrist_L" parent="rig04_0001_Group/rig04_0001_MotionSystem/rig04_0001_FKSystem" index="4"]
transform = Transform3D(0.958152, 0.115447, -0.261944, 0.155604, -0.97812, 0.138091, -0.24027, -0.173072, -0.955153, -0.0319292, 1.0563, 0.536339)

[node name="rig04_0001_IKParentConstraintShoulder_R" parent="rig04_0001_Group/rig04_0001_MotionSystem/rig04_0001_IKSystem/rig04_0001_IKJoints" index="0"]
transform = Transform3D(-0.89334, -0.276502, -0.354244, -0.0941979, -0.655562, 0.749242, -0.439396, 0.702698, 0.559594, -0.0281592, 1.28166, 0.358551)

[node name="Skeleton3D" parent="rig04_0001_Group/rig04_0001_MotionSystem/rig04_0001_IKSystem/rig04_0001_IKJoints/rig04_0001_IKParentConstraintShoulder_R/rig04_0001_IKXOffsetShoulder_R" index="0"]
bones/0/rotation = Quaternion(0.163498, 0.0447621, -0.179683, 0.969009)
bones/4/rotation = Quaternion(0.545644, 0.245643, 0.49579, 0.629384)

[node name="rig04_0001_IKParentConstraintHip_R" parent="rig04_0001_Group/rig04_0001_MotionSystem/rig04_0001_IKSystem/rig04_0001_IKJoints" index="1"]
transform = Transform3D(0.0946956, 0.022919, 0.995243, 0.587818, -0.808132, -0.0373197, 0.803432, 0.588555, -0.0899988, 0.00871883, 1.01442, 0.138128)

[node name="Skeleton3D" parent="rig04_0001_Group/rig04_0001_MotionSystem/rig04_0001_IKSystem/rig04_0001_IKJoints/rig04_0001_IKParentConstraintHip_R/rig04_0001_IKXOffsetHip_R" index="0"]
bones/0/rotation = Quaternion(0.177466, -0.0680645, 0.755433, 0.627051)
bones/2/rotation = Quaternion(-7.10404e-16, 1.72522e-15, -0.502248, 0.864724)
bones/4/rotation = Quaternion(0.054524, 0.0147428, 0.00863221, 0.998366)

[node name="Skeleton3D" parent="rig04_0001_Group/rig04_0001_MotionSystem/rig04_0001_IKSystem/rig04_0001_IKJoints/rig04_0001_IKParentConstraintRoot_M/rig04_0001_IKXOffsetRoot_M" index="0"]
bones/0/position = Vector3(-0.163198, 0.169531, 0.0164432)
bones/0/rotation = Quaternion(-0.0132809, -0.00257457, 0.36575, 0.930615)

[node name="Skeleton3D" parent="rig04_0001_Group/rig04_0001_MotionSystem/rig04_0001_IKSystem/rig04_0001_IKJoints/rig04_0001_IKParentConstraintRoot_M" index="1"]
bones/0/rotation = Quaternion(-0.0132809, -0.00257457, 0.36575, 0.930615)

[node name="rig04_0001_IKParentConstraintShoulder_L" parent="rig04_0001_Group/rig04_0001_MotionSystem/rig04_0001_IKSystem/rig04_0001_IKJoints" index="3"]
transform = Transform3D(-0.907497, -0.224287, -0.355169, 0.124464, 0.663979, -0.73732, 0.401196, -0.713321, -0.574644, 0.0609637, 1.28017, 0.360442)

[node name="Skeleton3D" parent="rig04_0001_Group/rig04_0001_MotionSystem/rig04_0001_IKSystem/rig04_0001_IKJoints/rig04_0001_IKParentConstraintShoulder_L/rig04_0001_IKXOffsetShoulder_L" index="0"]
bones/0/rotation = Quaternion(0.163958, 0.0977919, -0.189245, 0.963193)
bones/4/rotation = Quaternion(0.542924, 0.213677, 0.527086, 0.617864)

[node name="rig04_0001_IKParentConstraintHip_L" parent="rig04_0001_Group/rig04_0001_MotionSystem/rig04_0001_IKSystem/rig04_0001_IKJoints" index="4"]
transform = Transform3D(0.0946956, 0.022919, 0.995243, 0.587818, -0.808132, -0.0373197, 0.803432, 0.588555, -0.0899988, 0.00871883, 1.01442, 0.138128)

[node name="Skeleton3D" parent="rig04_0001_Group/rig04_0001_MotionSystem/rig04_0001_IKSystem/rig04_0001_IKJoints/rig04_0001_IKParentConstraintHip_L/rig04_0001_IKXOffsetHip_L" index="0"]
bones/0/rotation = Quaternion(0.208109, -0.165592, 0.505123, 0.821048)
bones/2/rotation = Quaternion(-5.45075e-16, 1.24624e-15, -0.533624, 0.845722)
bones/4/rotation = Quaternion(0.102299, 0.048674, 0.207689, 0.971613)

[node name="rig04_0001_IKSpSpine2Offset_M" parent="rig04_0001_Group/rig04_0001_MotionSystem/rig04_0001_IKSystem/rig04_0001_IKJoints" index="5"]
transform = Transform3D(0.0946957, 0.0229191, 0.995243, 0.587819, -0.808131, -0.0373198, 0.803431, 0.588556, -0.0899989, 0.00871883, 1.01442, 0.138128)

[node name="rig04_0001_IKSpRootPart1FollowOffset_M" parent="rig04_0001_Group/rig04_0001_MotionSystem/rig04_0001_IKSystem/rig04_0001_IKJoints/rig04_0001_IKSpSpine2Offset_M" index="1"]
transform = Transform3D(1, 0, 0, 0, 1, 0, 0, 0, 1, 0, 0, 0)

[node name="rig04_0001_IKSpRootPart2FollowOffset_M" parent="rig04_0001_Group/rig04_0001_MotionSystem/rig04_0001_IKSystem/rig04_0001_IKJoints/rig04_0001_IKSpSpine2Offset_M" index="2"]
transform = Transform3D(1, 0, 0, 0, 1, 0, 0, 0, 1, 0, 0, 0)

[node name="rig04_0001_IKSpSpine1FollowOffset_M" parent="rig04_0001_Group/rig04_0001_MotionSystem/rig04_0001_IKSystem/rig04_0001_IKJoints/rig04_0001_IKSpSpine2Offset_M" index="3"]
transform = Transform3D(1, 0, 0, 0, 1, 0, 0, 0, 1, 0, 0, 0)

[node name="rig04_0001_IKSpSpine1Part1FollowOffset_M" parent="rig04_0001_Group/rig04_0001_MotionSystem/rig04_0001_IKSystem/rig04_0001_IKJoints/rig04_0001_IKSpSpine2Offset_M" index="4"]
transform = Transform3D(1, 0, 0, 0, 1, 0, 0, 0, 1, 0, 0, 0)

[node name="rig04_0001_IKSpSpine1Part2FollowOffset_M" parent="rig04_0001_Group/rig04_0001_MotionSystem/rig04_0001_IKSystem/rig04_0001_IKJoints/rig04_0001_IKSpSpine2Offset_M" index="5"]
transform = Transform3D(1, 0, 0, 0, 1, 0, 0, 0, 1, 0, 0, 0)

[node name="rig04_0001_IKSpChestFollowOffset_M" parent="rig04_0001_Group/rig04_0001_MotionSystem/rig04_0001_IKSystem/rig04_0001_IKJoints/rig04_0001_IKSpSpine2Offset_M" index="6"]
transform = Transform3D(1, 0, 0, 0, 1, 0, 0, 0, 1, 0, 0, 0)

[node name="Skeleton3D" parent="rig04_0001_Group/rig04_0001_MotionSystem/rig04_0001_IKSystem/rig04_0001_IKJoints/rig04_0001_IKAcSpine2Offset_M" index="0"]
bones/0/position = Vector3(-0.163198, 0.169531, 0.0164432)
bones/0/rotation = Quaternion(-0.0132809, -0.00257457, 0.36575, 0.930615)
bones/2/position = Vector3(-0.125214, 0.204837, 0.0161879)
bones/2/rotation = Quaternion(-0.0132809, -0.00257467, 0.365743, 0.930618)
bones/3/position = Vector3(-0.0872298, 0.240143, 0.0159326)
bones/3/rotation = Quaternion(-0.0132022, -0.00295166, 0.339107, 0.940651)
bones/4/position = Vector3(-0.0472985, 0.27323, 0.0157563)
bones/4/rotation = Quaternion(-0.012738, -0.00455554, 0.220645, 0.97526)
bones/5/position = Vector3(-0.00697154, 0.292464, 0.0159021)
bones/5/rotation = Quaternion(-0.0125897, -0.00495068, 0.190115, 0.981669)
bones/6/position = Vector3(0.0344757, 0.309147, 0.0161225)
bones/6/rotation = Quaternion(-0.0125897, -0.00495074, 0.19011, 0.98167)
bones/7/position = Vector3(0.0750954, 0.325496, 0.0163385)
bones/7/rotation = Quaternion(-0.0132809, -0.00257457, 0.36575, 0.930615)

[node name="rig04_0001_IKAcPociXformRoot_M" parent="rig04_0001_Group/rig04_0001_MotionSystem/rig04_0001_IKSystem/rig04_0001_IKJoints/rig04_0001_IKAcSpine2Offset3_M" index="0"]
transform = Transform3D(1, 0, 0, 0, 1, 0, 0, 0, 1, 0.0164432, 1.00902, 0.142145)

[node name="rig04_0001_IKAcPociXformRootPart1_M" parent="rig04_0001_Group/rig04_0001_MotionSystem/rig04_0001_IKSystem/rig04_0001_IKJoints/rig04_0001_IKAcSpine2Offset3_M" index="1"]
transform = Transform3D(1, 0, 0, 0, 1, 0, 0, 0, 1, 0.0161879, 1.04313, 0.181206)

[node name="rig04_0001_IKAcPociXformRootPart2_M" parent="rig04_0001_Group/rig04_0001_MotionSystem/rig04_0001_IKSystem/rig04_0001_IKJoints/rig04_0001_IKAcSpine2Offset3_M" index="2"]
transform = Transform3D(1, 0, 0, 0, 1, 0, 0, 0, 1, 0.0159326, 1.07724, 0.220266)

[node name="rig04_0001_IKAcPociXformSpine1_M" parent="rig04_0001_Group/rig04_0001_MotionSystem/rig04_0001_IKSystem/rig04_0001_IKJoints/rig04_0001_IKAcSpine2Offset3_M" index="3"]
transform = Transform3D(1, 0, 0, 0, 1, 0, 0, 0, 1, 0.0157563, 1.11352, 0.257323)

[node name="rig04_0001_IKAcPociXformSpine1Part1_M" parent="rig04_0001_Group/rig04_0001_MotionSystem/rig04_0001_IKSystem/rig04_0001_IKJoints/rig04_0001_IKAcSpine2Offset3_M" index="4"]
transform = Transform3D(1, 0, 0, 0, 1, 0, 0, 0, 1, 0.0159021, 1.15163, 0.280642)

[node name="rig04_0001_IKAcPociXformSpine1Part2_M" parent="rig04_0001_Group/rig04_0001_MotionSystem/rig04_0001_IKSystem/rig04_0001_IKJoints/rig04_0001_IKAcSpine2Offset3_M" index="5"]
transform = Transform3D(1, 0, 0, 0, 1, 0, 0, 0, 1, 0.0161225, 1.19112, 0.30154)

[node name="rig04_0001_IKAcPociXformChest_M" parent="rig04_0001_Group/rig04_0001_MotionSystem/rig04_0001_IKSystem/rig04_0001_IKJoints/rig04_0001_IKAcSpine2Offset3_M" index="6"]
transform = Transform3D(1, 0, 0, 0, 1, 0, 0, 0, 1, 0.0163385, 1.22982, 0.32202)

[node name="rig04_0001_IKAcSpine2Offset2_M" parent="rig04_0001_Group/rig04_0001_MotionSystem/rig04_0001_IKSystem/rig04_0001_IKJoints" index="8"]
transform = Transform3D(0.0946957, 0.0229191, 0.995243, 0.587819, -0.808131, -0.0373198, 0.803431, 0.588556, -0.0899989, 0.00871883, 1.01442, 0.138128)

[node name="rig04_0001_IKAcRootPart1FollowOffset_M" parent="rig04_0001_Group/rig04_0001_MotionSystem/rig04_0001_IKSystem/rig04_0001_IKJoints/rig04_0001_IKAcSpine2Offset2_M" index="0"]
transform = Transform3D(1, 0, 0, 0, 1, 0, 0, 0, 1, 0, 0, 0)

[node name="rig04_0001_IKAcRootPart2FollowOffset_M" parent="rig04_0001_Group/rig04_0001_MotionSystem/rig04_0001_IKSystem/rig04_0001_IKJoints/rig04_0001_IKAcSpine2Offset2_M" index="1"]
transform = Transform3D(1, 0, 0, 0, 1, 0, 0, 0, 1, 0, 0, 0)

[node name="rig04_0001_IKAcSpine1FollowOffset_M" parent="rig04_0001_Group/rig04_0001_MotionSystem/rig04_0001_IKSystem/rig04_0001_IKJoints/rig04_0001_IKAcSpine2Offset2_M" index="2"]
transform = Transform3D(1, 0, 0, 0, 1, 0, 0, 0, 1, 0, 0, 0)

[node name="rig04_0001_IKAcSpine1Part1FollowOffset_M" parent="rig04_0001_Group/rig04_0001_MotionSystem/rig04_0001_IKSystem/rig04_0001_IKJoints/rig04_0001_IKAcSpine2Offset2_M" index="3"]
transform = Transform3D(1, 0, 0, 0, 1, 0, 0, 0, 1, 0, 0, 0)

[node name="rig04_0001_IKAcSpine1Part2FollowOffset_M" parent="rig04_0001_Group/rig04_0001_MotionSystem/rig04_0001_IKSystem/rig04_0001_IKJoints/rig04_0001_IKAcSpine2Offset2_M" index="4"]
transform = Transform3D(1, 0, 0, 0, 1, 0, 0, 0, 1, 0, 0, 0)

[node name="rig04_0001_IKAcChestFollowOffset_M" parent="rig04_0001_Group/rig04_0001_MotionSystem/rig04_0001_IKSystem/rig04_0001_IKJoints/rig04_0001_IKAcSpine2Offset2_M" index="5"]
transform = Transform3D(1, 0, 0, 0, 1, 0, 0, 0, 1, 0, 0, 0)

[node name="rig04_0001_IKcvOffsetSpine21_M" parent="rig04_0001_Group/rig04_0001_MotionSystem/rig04_0001_IKSystem/rig04_0001_IKHandle/rig04_0001_IKHandleFollowMain" index="2"]
transform = Transform3D(0.999634, -0.0021329, -0.0269696, -0.0168006, 0.732424, -0.680643, 0.0212049, 0.680847, 0.732119, 0.0161879, 1.04313, 0.181206)

[node name="rig04_0001_IKcvOffsetSpine22_M" parent="rig04_0001_Group/rig04_0001_MotionSystem/rig04_0001_IKSystem/rig04_0001_IKHandle/rig04_0001_IKHandleFollowMain" index="3"]
transform = Transform3D(0.999634, -0.0021329, -0.0269696, -0.0168006, 0.732424, -0.680643, 0.0212049, 0.680847, 0.732119, 0.0159326, 1.07724, 0.220267)

[node name="rig04_0001_IKcvOffsetSpine23_M" parent="rig04_0001_Group/rig04_0001_MotionSystem/rig04_0001_IKSystem/rig04_0001_IKHandle/rig04_0001_IKHandleFollowMain" index="4"]
transform = Transform3D(0.999634, -0.0021329, -0.0269696, -0.0168006, 0.732424, -0.680643, 0.0212049, 0.680847, 0.732119, 0.0156773, 1.11135, 0.259328)

[node name="rig04_0001_IKcvOffsetSpine24_M" parent="rig04_0001_Group/rig04_0001_MotionSystem/rig04_0001_IKSystem/rig04_0001_IKHandle/rig04_0001_IKHandleFollowMain" index="5"]
transform = Transform3D(0.999634, -0.0021329, -0.0269696, -0.0168006, 0.732424, -0.680643, 0.0212049, 0.680847, 0.732119, 0.0158977, 1.15084, 0.280225)

[node name="rig04_0001_IKcvOffsetSpine25_M" parent="rig04_0001_Group/rig04_0001_MotionSystem/rig04_0001_IKSystem/rig04_0001_IKHandle/rig04_0001_IKHandleFollowMain" index="6"]
transform = Transform3D(0.999634, -0.0021329, -0.0269696, -0.0168006, 0.732424, -0.680643, 0.0212049, 0.680847, 0.732119, 0.0161181, 1.19033, 0.301123)

[node name="rig04_0001_IKOffsetSpine22_M" parent="rig04_0001_Group/rig04_0001_MotionSystem/rig04_0001_IKSystem/rig04_0001_IKHandle/rig04_0001_IKHandleFollowMain" index="7"]
transform = Transform3D(0.999634, -0.0021329, -0.0269696, -0.0168006, 0.732424, -0.680643, 0.0212049, 0.680847, 0.732119, 0.015769, 1.10503, 0.249999)

[node name="rig04_0001_IKOffsetConstrainedSpine21_M" parent="rig04_0001_Group/rig04_0001_MotionSystem/rig04_0001_IKSystem/rig04_0001_IKHandle/rig04_0001_IKHandleFollowMain" index="8"]
transform = Transform3D(0.999634, -0.0021329, -0.0269696, -0.0168006, 0.732424, -0.680643, 0.0212049, 0.680847, 0.732119, 0.0164432, 1.00902, 0.142145)

[node name="rig04_0001_IKFollowEndSpine21_M" parent="rig04_0001_Group/rig04_0001_MotionSystem/rig04_0001_IKSystem/rig04_0001_IKHandle/rig04_0001_IKHandleFollowMain/rig04_0001_IKFollowEndSpine2_M" index="0"]
transform = Transform3D(0.999634, -0.0021329, -0.0269696, -0.0168006, 0.732424, -0.680643, 0.0212049, 0.680847, 0.732119, 0.0164432, 1.00902, 0.142145)

[node name="rig04_0001_IKFollowEndSpine23_M" parent="rig04_0001_Group/rig04_0001_MotionSystem/rig04_0001_IKSystem/rig04_0001_IKHandle/rig04_0001_IKHandleFollowMain/rig04_0001_IKFollowEndSpine2_M" index="1"]
transform = Transform3D(0.999634, -0.0021329, -0.0269696, -0.0168006, 0.732424, -0.680643, 0.0212049, 0.680847, 0.732119, 0.0163385, 1.22982, 0.32202)

[node name="rig04_0001_IKLeg_R" parent="rig04_0001_Group/rig04_0001_MotionSystem/rig04_0001_IKSystem/rig04_0001_IKHandle/rig04_0001_IKHandleFollowMain/rig04_0001_IKOffsetLeg_R/rig04_0001_IKExtraLeg_R" index="0"]
transform = Transform3D(0.971571, -0.0405593, -0.23325, 0.0276658, 0.997916, -0.0582872, 0.235128, 0.0501771, 0.970668, 0.0101956, 0.0184629, 0.410065)

[node name="rig04_0001_PoleOffsetLeg_R" parent="rig04_0001_Group/rig04_0001_MotionSystem/rig04_0001_IKSystem/rig04_0001_IKHandle/rig04_0001_IKHandleFollowMain" index="11"]
transform = Transform3D(0.972362, 0.0224297, -0.232396, 0.0573278, 0.941965, 0.330778, 0.226328, -0.334958, 0.914646, -0.101869, 0.937995, 1.15415)

[node name="rig04_0001_PoleLeg_R" parent="rig04_0001_Group/rig04_0001_MotionSystem/rig04_0001_IKSystem/rig04_0001_IKHandle/rig04_0001_IKHandleFollowMain/rig04_0001_PoleOffsetLeg_R/rig04_0001_PoleExtraLeg_R" index="0"]
transform = Transform3D(1, 0, 0, 0, 1, 0, 0, 0, 1, -0.0910235, 0.0577917, -0.0491893)

[node name="rig04_0001_PoleAimLeg_R" parent="rig04_0001_Group/rig04_0001_MotionSystem/rig04_0001_IKSystem/rig04_0001_IKHandle/rig04_0001_IKHandleFollowMain" index="12"]
transform = Transform3D(-0.127247, -0.215955, -0.968076, -0.944591, 0.324125, 0.0518556, 0.302579, 0.921036, -0.245233, 0.00871883, 1.01442, 0.138128)

[node name="rig04_0001_IKLeg_L" parent="rig04_0001_Group/rig04_0001_MotionSystem/rig04_0001_IKSystem/rig04_0001_IKHandle/rig04_0001_IKHandleFollowMain/rig04_0001_IKOffsetLeg_L/rig04_0001_IKExtraLeg_L" index="0"]
transform = Transform3D(0.840895, -0.0780168, 0.535545, 0.252975, 0.931456, -0.261521, -0.478434, 0.355391, 0.802993, 0.0825209, 0.0420267, -0.174459)

[node name="rig04_0001_PoleOffsetLeg_L" parent="rig04_0001_Group/rig04_0001_MotionSystem/rig04_0001_IKSystem/rig04_0001_IKHandle/rig04_0001_IKHandleFollowMain" index="16"]
transform = Transform3D(0.838319, -0.124952, 0.530667, 0.275338, 0.937157, -0.2143, -0.470542, 0.325765, 0.82004, 0.452336, 0.40384, 0.815624)

[node name="rig04_0001_PoleLeg_L" parent="rig04_0001_Group/rig04_0001_MotionSystem/rig04_0001_IKSystem/rig04_0001_IKHandle/rig04_0001_IKHandleFollowMain/rig04_0001_PoleOffsetLeg_L/rig04_0001_PoleExtraLeg_L" index="0"]
transform = Transform3D(1, 0, 0, 0, 1, 0, 0, 0, 1, -0.00517773, 0.172458, -0.0902614)

[node name="rig04_0001_PoleAimLeg_L" parent="rig04_0001_Group/rig04_0001_MotionSystem/rig04_0001_IKSystem/rig04_0001_IKHandle/rig04_0001_IKHandleFollowMain" index="17"]
transform = Transform3D(-0.21266, -0.517283, -0.828971, 0.90008, 0.226489, -0.372233, 0.380303, -0.8253, 0.417431, 0.00871883, 1.01442, 0.138128)

[node name="rig04_0001_IKOffsetArm_RFollowNoScaleOffset" parent="rig04_0001_Group/rig04_0001_MotionSystem/rig04_0001_IKSystem/rig04_0001_IKFollow" index="0"]
transform = Transform3D(-0.893341, -0.276502, -0.354244, -0.0941976, -0.655563, 0.749243, -0.439396, 0.702697, 0.559595, -0.0281592, 1.28166, 0.358551)

[node name="rig04_0001_IKOffsetArm_RFollow" parent="rig04_0001_Group/rig04_0001_MotionSystem/rig04_0001_IKSystem/rig04_0001_IKFollow/rig04_0001_IKOffsetArm_RFollowOffset" index="0"]
transform = Transform3D(0.999634, -0.0021329, -0.0269696, -0.0168006, 0.732423, -0.680643, 0.0212049, 0.680847, 0.732119, 0.0177111, -0.139527, 0.136655)

[node name="rig04_0001_IKhybridFollowSpine21_MFollowNoScaleOffset" parent="rig04_0001_Group/rig04_0001_MotionSystem/rig04_0001_IKSystem/rig04_0001_IKFollow" index="4"]
transform = Transform3D(0.999634, -0.0021329, -0.0269696, -0.0168006, 0.732424, -0.680643, 0.0212049, 0.680847, 0.732119, 0.0164432, 1.00902, 0.142145)

[node name="rig04_0001_IKhybridFollowSpine21_MFollow" parent="rig04_0001_Group/rig04_0001_MotionSystem/rig04_0001_IKSystem/rig04_0001_IKFollow/rig04_0001_IKhybridFollowSpine21_MFollowOffset" index="0"]
transform = Transform3D(0.73244, -0.680676, -0.0145068, 0.680812, 0.732101, 0.0228355, -0.0049231, -0.0266021, 0.999634, -0.163198, 0.169531, 0.0164432)

[node name="rig04_0001_PoleOffsetLeg_RFollowNoScaleOffset" parent="rig04_0001_Group/rig04_0001_MotionSystem/rig04_0001_IKSystem/rig04_0001_IKFollow" index="6"]
transform = Transform3D(-0.127247, -0.215955, -0.968076, -0.944591, 0.324125, 0.0518556, 0.302579, 0.921036, -0.245233, 0.00871883, 1.01442, 0.138128)

[node name="rig04_0001_PoleOffsetLeg_RFollow" parent="rig04_0001_Group/rig04_0001_MotionSystem/rig04_0001_IKSystem/rig04_0001_IKFollow/rig04_0001_PoleOffsetLeg_RFollowOffset" index="0"]
transform = Transform3D(0.972362, 0.0224297, -0.232396, 0.0573278, 0.941965, 0.330778, 0.226328, -0.334958, 0.914646, -0.219941, 0.16394, 0.233727)

[node name="rig04_0001_IKOffsetArm_LFollowNoScaleOffset" parent="rig04_0001_Group/rig04_0001_MotionSystem/rig04_0001_IKSystem/rig04_0001_IKFollow" index="8"]
transform = Transform3D(-0.907498, -0.224287, -0.355168, 0.124463, 0.66398, -0.737318, 0.401196, -0.71332, -0.574645, 0.0609637, 1.28017, 0.360442)

[node name="rig04_0001_IKOffsetArm_LFollow" parent="rig04_0001_Group/rig04_0001_MotionSystem/rig04_0001_IKSystem/rig04_0001_IKFollow/rig04_0001_IKOffsetArm_LFollowOffset" index="0"]
transform = Transform3D(0.999635, -0.0021329, -0.0269696, -0.0168006, 0.732424, -0.680642, 0.0212049, 0.680847, 0.732119, 0.0175153, -0.148509, 0.147991)

[node name="rig04_0001_PoleOffsetLeg_LFollowNoScaleOffset" parent="rig04_0001_Group/rig04_0001_MotionSystem/rig04_0001_IKSystem/rig04_0001_IKFollow" index="12"]
transform = Transform3D(-0.21266, -0.517283, -0.828971, 0.90008, 0.226489, -0.372233, 0.380303, -0.8253, 0.417431, 0.00871883, 1.01442, 0.138128)

[node name="rig04_0001_PoleOffsetLeg_LFollow" parent="rig04_0001_Group/rig04_0001_MotionSystem/rig04_0001_IKSystem/rig04_0001_IKFollow/rig04_0001_PoleOffsetLeg_LFollowOffset" index="0"]
transform = Transform3D(0.838319, -0.124952, 0.530667, 0.275338, 0.937157, -0.2143, -0.470542, 0.325765, 0.82004, 0.570408, -0.370215, -0.1048)

[node name="rig04_0001_IKmessureLoc1Arm_R" parent="rig04_0001_Group/rig04_0001_MotionSystem/rig04_0001_IKSystem/rig04_0001_IKMessure" index="0"]
transform = Transform3D(1, 0, 0, 0, 1, 0, 0, 0, 1, -0.0775179, 1.27646, 0.334274)

[node name="rig04_0001_IKmessureLoc2Arm_R" parent="rig04_0001_Group/rig04_0001_MotionSystem/rig04_0001_IKSystem/rig04_0001_IKMessure/rig04_0001_IKmessureLoc1Arm_R" index="0"]
transform = Transform3D(1, 0, 0, 0, 1, 0, 0, 0, 1, -0.18978, -0.117365, -0.38481)

[node name="rig04_0001_IKmessureLoc1Leg_R" parent="rig04_0001_Group/rig04_0001_MotionSystem/rig04_0001_IKSystem/rig04_0001_IKMessure" index="2"]
transform = Transform3D(1, 0, 0, 0, 1, 0, 0, 0, 1, -0.0731193, 1.00145, 0.113801)

[node name="rig04_0001_IKmessureLoc2Leg_R" parent="rig04_0001_Group/rig04_0001_MotionSystem/rig04_0001_IKSystem/rig04_0001_IKMessure/rig04_0001_IKmessureLoc1Leg_R" index="0"]
transform = Transform3D(1, 0, 0, 0, 1, 0, 0, 0, 1, -0.0267242, -0.786838, 0.280643)

[node name="rig04_0001_IKmessureLoc1Arm_L" parent="rig04_0001_Group/rig04_0001_MotionSystem/rig04_0001_IKSystem/rig04_0001_IKMessure" index="4"]
transform = Transform3D(1, 0, 0, 0, 1, 0, 0, 0, 1, 0.111105, 1.27329, 0.338275)

[node name="rig04_0001_IKmessureLoc2Arm_L" parent="rig04_0001_Group/rig04_0001_MotionSystem/rig04_0001_IKSystem/rig04_0001_IKMessure/rig04_0001_IKmessureLoc1Arm_L" index="0"]
transform = Transform3D(1, 0, 0, 0, 1, 0, 0, 0, 1, 0.156193, -0.114194, -0.388811)

[node name="rig04_0001_IKmessureLoc1Leg_L" parent="rig04_0001_Group/rig04_0001_MotionSystem/rig04_0001_IKSystem/rig04_0001_IKMessure" index="6"]
transform = Transform3D(1, 0, 0, 0, 1, 0, 0, 0, 1, 0.083682, 0.99557, 0.0996215)

[node name="rig04_0001_IKmessureLoc2Leg_L" parent="rig04_0001_Group/rig04_0001_MotionSystem/rig04_0001_IKSystem/rig04_0001_IKMessure/rig04_0001_IKmessureLoc1Leg_L" index="0"]
transform = Transform3D(1, 0, 0, 0, 1, 0, 0, 0, 1, 0.106121, -0.757379, -0.289713)

[node name="rig04_0001_FKIKParentConstraintArm_R" parent="rig04_0001_Group/rig04_0001_MotionSystem/rig04_0001_FKIKSystem" index="0"]
transform = Transform3D(-0.893341, -0.276502, -0.354244, -0.0941976, -0.655563, 0.749243, -0.439396, 0.702697, 0.559595, -0.0281592, 1.28166, 0.358551)

[node name="rig04_0001_FKIKArm_R" parent="rig04_0001_Group/rig04_0001_MotionSystem/rig04_0001_FKIKSystem/rig04_0001_FKIKParentConstraintArm_R" index="0"]
transform = Transform3D(-0.900749, -0.366249, -0.233482, -0.250486, -0.00112951, 0.96812, -0.354836, 0.930516, -0.0907227, 0.186243, 0.0697103, -0.00481354)

[node name="rig04_0001_FKIKParentConstraintLeg_R" parent="rig04_0001_Group/rig04_0001_MotionSystem/rig04_0001_FKIKSystem" index="1"]
transform = Transform3D(0.0946957, 0.0229191, 0.995243, 0.587819, -0.808131, -0.0373198, 0.803431, 0.588556, -0.0899989, 0.00871883, 1.01442, 0.138128)

[node name="rig04_0001_FKIKLeg_R" parent="rig04_0001_Group/rig04_0001_MotionSystem/rig04_0001_FKIKSystem/rig04_0001_FKIKParentConstraintLeg_R" index="0"]
transform = Transform3D(1.30661e-07, 0.994589, 0.103885, -9.08196e-09, -0.103885, 0.994589, 1, -1.30898e-07, -4.54098e-09, -0.13184, 0.0415525, -0.20934)

[node name="rig04_0001_FKIKParentConstraintSpine2_M" parent="rig04_0001_Group/rig04_0001_MotionSystem/rig04_0001_FKIKSystem" index="2"]
transform = Transform3D(0.0946957, 0.0229191, 0.995243, 0.587819, -0.808131, -0.0373198, 0.803431, 0.588556, -0.0899989, 0.00871883, 1.01442, 0.138128)

[node name="rig04_0001_FKIKSpine2_M" parent="rig04_0001_Group/rig04_0001_MotionSystem/rig04_0001_FKIKSystem/rig04_0001_FKIKParentConstraintSpine2_M" index="0"]
transform = Transform3D(1.30661e-07, 0.994589, 0.103885, -9.08196e-09, -0.103885, 0.994589, 1, -1.30898e-07, -4.54098e-09, 0.105838, 0, 0.238104)

[node name="rig04_0001_FKIKParentConstraintArm_L" parent="rig04_0001_Group/rig04_0001_MotionSystem/rig04_0001_FKIKSystem" index="3"]
transform = Transform3D(-0.907498, -0.224287, -0.355168, 0.124463, 0.66398, -0.737318, 0.401196, -0.71332, -0.574645, 0.0609637, 1.28017, 0.360442)

[node name="rig04_0001_FKIKArm_L" parent="rig04_0001_Group/rig04_0001_MotionSystem/rig04_0001_FKIKSystem/rig04_0001_FKIKParentConstraintArm_L" index="0"]
transform = Transform3D(-0.900749, 0.366249, 0.233482, -0.250486, 0.00112952, -0.96812, -0.354836, -0.930516, 0.0907227, -0.186243, -0.0697103, 0.00481354)

[node name="rig04_0001_FKIKParentConstraintLeg_L" parent="rig04_0001_Group/rig04_0001_MotionSystem/rig04_0001_FKIKSystem" index="4"]
transform = Transform3D(0.0946957, 0.0229191, 0.995243, 0.587819, -0.808131, -0.0373198, 0.803431, 0.588556, -0.0899989, 0.00871883, 1.01442, 0.138128)

[node name="rig04_0001_FKIKLeg_L" parent="rig04_0001_Group/rig04_0001_MotionSystem/rig04_0001_FKIKSystem/rig04_0001_FKIKParentConstraintLeg_L" index="0"]
transform = Transform3D(1.30661e-07, 0.994589, 0.103885, -9.08196e-09, -0.103885, 0.994589, 1, -1.30898e-07, -4.54098e-09, -0.13184, 0.0415525, 0.20934)

[node name="rig04_0001_AimFollowEye" parent="rig04_0001_Group/rig04_0001_MotionSystem/rig04_0001_AimSystem/rig04_0001_AimEye/rig04_0001_AimOffsetEye" index="0"]
transform = Transform3D(0.999634, 0.00953894, -0.0253163, -0.0168006, 0.952348, -0.304549, 0.0212049, 0.304863, 0.95216, 0.0111037, -0.335523, 0.48413)

[node name="rig04_0001_AimFollowOnEye" parent="rig04_0001_Group/rig04_0001_MotionSystem/rig04_0001_AimSystem/rig04_0001_AimEye/rig04_0001_AimOffsetEye" index="1"]
transform = Transform3D(0.999634, 0.00953894, -0.0253163, -0.0168006, 0.952348, -0.304549, 0.0212049, 0.304863, 0.95216, 0.0111037, -0.335523, 0.48413)

[node name="rig04_0001_LegLockConstrained" parent="rig04_0001_Group/rig04_0001_MotionSystem/rig04_0001_RootSystem" index="1"]
transform = Transform3D(0.0946957, 0.0229191, 0.995243, 0.587819, -0.808131, -0.0373198, 0.803431, 0.588556, -0.0899989, 0.00871883, 1.01442, 0.138128)

[node name="rig04_0001_RootX_M" parent="rig04_0001_Group/rig04_0001_MotionSystem/rig04_0001_RootSystem/rig04_0001_RootCenterBtwLegsBlended_M/rig04_0001_RootOffsetX_M/rig04_0001_RootExtraX_M" index="0"]
transform = Transform3D(0.999634, -0.0021329, -0.0269696, -0.0168006, 0.732424, -0.680643, 0.0212049, 0.680847, 0.732119, 0.0164432, -0.179926, 0.15166)

[node name="rig04_0001_TwistFollowHead_M" parent="rig04_0001_Group/rig04_0001_MotionSystem/rig04_0001_TwistSystem/rig04_0001_TwistFollowOffsetHead_M" index="0"]
transform = Transform3D(0.952419, -0.304627, -0.00997875, 0.304785, 0.95209, 0.0251462, 0.00184044, -0.0269911, 0.999634, -0.1061, 0.546716, 0.0173181)

[node name="rig04_0001_TwistFollowParentHead_M" parent="rig04_0001_Group/rig04_0001_MotionSystem/rig04_0001_TwistSystem/rig04_0001_TwistFollowParentOffsetHead_M" index="0"]
transform = Transform3D(0.732343, -0.680578, -0.0220523, 0.680913, 0.732196, 0.0156718, 0.00548073, -0.0264928, 0.999635, -0.360014, 0.333819, 0.0167771)

[node name="rig04_0001_TwistFollowSpine22_M" parent="rig04_0001_Group/rig04_0001_MotionSystem/rig04_0001_TwistSystem/rig04_0001_TwistFollowOffsetSpine22_M" index="0"]
transform = Transform3D(0.73244, -0.680676, -0.0145068, 0.680812, 0.732101, 0.0228355, -0.0049231, -0.0266021, 0.999634, -0.200895, 0.268202, 0.015769)

